YUXKDhvZlODJ5_QlrXIFLA	sleEMt44E1StWrjz3mcujQ	3	5	0.00476622562515,0.129088032358,0.133832287151,0.0236598349822,0.0496134597182,0.230718813185,0.0109453317364,0.00858321365897,0.29437320825,0.114419593335
YUXKDhvZlODJ5_QlrXIFLA	PljSz4JU2MCkG1kxIXl7WA	3	5	0.00172701386704,0.156332860083,0.031757514396,0.00976699036062,0.152495957434,0.290604101861,0.000974212530964,0.00211522441903,0.173361276294,0.180864848753
YUXKDhvZlODJ5_QlrXIFLA	wtsl05RJj5f6YBDQPEwP2w	2	5	0.00139275597251,0.0948741318123,0.12009875086,0.027825376696,0.0331528884189,0.509491504076,0.00274627874943,0.00685572957932,0.0959422866663,0.107620297169
YUXKDhvZlODJ5_QlrXIFLA	m8u49f6BQbnLBPujd6twaQ	4	5	0.0174354666029,0.0629965887761,0.0333031869465,0.0141030971739,0.153338842522,0.263668569542,0.0118148057363,0.0151632758223,0.318769189838,0.10940697704
YUXKDhvZlODJ5_QlrXIFLA	7x1E9Lq_igv072YecjeFfg	1	5	0.000781538237168,0.0149837937614,0.0206409067224,0.0192388971953,0.0309725662083,0.79974218973,0.00453976172336,0.00353478536313,0.0753431794895,0.0302223815691
YUXKDhvZlODJ5_QlrXIFLA	SpKVX3rt892E-BrL-yeqiw	3	5	0.0123845863376,0.062073491716,0.0592124999721,0.0331243015418,0.0938847695817,0.28043908873,0.0115497008144,0.0108038493823,0.245653605104,0.19087410682
1Aa3uOsnphBVSTrhPQynVg	Mc-HwQ4g44on75UTIe5JUg	5	9	0.00174098905822,0.0292548629912,0.0687645061167,0.0367272885489,0.0534103637306,0.408045067994,0.00910365126233,0.0283508114679,0.132954408731,0.231648050099
1Aa3uOsnphBVSTrhPQynVg	tBiAJtAB4RsXiB4uWxtWrA	5	9	0.0605722440001,0.171931607102,0.0829371110388,0.00882925170862,0.105364301728,0.156191887113,0.0118145891417,0.00238163724228,0.33180095739,0.0681764135362
1Aa3uOsnphBVSTrhPQynVg	ljf3XcM_bPh4cFGXXm3ZeA	5	9	7.95954852171e-05,9.55604119056e-06,2.37896397871e-05,0.000110747764189,0.00190927802223,0.000171835007086,0.0,1.47447344345e-06,0.000351488399167,0.997342235168
gkf1i_NNqZYGMkL-RZFTUQ	KaTHW1aGt5L-_edtR_ZZfA	5	5	0.0,3.75776230944e-05,2.15517352975e-05,2.64804221886e-05,4.31255684904e-08,0.999914034416,0.0,0.0,0.0,3.12678072497e-07
gkf1i_NNqZYGMkL-RZFTUQ	JgSnl-5-sStzDZZSIe8DJQ	5	5	0.0,3.75776230944e-05,2.15517352975e-05,2.64804221886e-05,4.31255684904e-08,0.999914034416,0.0,0.0,0.0,3.12678072497e-07
gkf1i_NNqZYGMkL-RZFTUQ	by8yXmhAu-m2aO_kt63aFA	5	5	0.000635453865439,0.0200025484596,0.0936403219308,0.282441218281,0.0584598832192,0.256438578517,0.00031334179652,0.00372785492605,0.0517300600901,0.232610738915
gkf1i_NNqZYGMkL-RZFTUQ	WTDOzVUj41Fpe9eRZP30FQ	5	5	0.0,3.75776230944e-05,2.15517352975e-05,2.64804221886e-05,4.31255684904e-08,0.999914034416,0.0,0.0,0.0,3.12678072497e-07
Tc31Xxq_730plC4imUphzA	ZRWDnvo07YZxxtrDYWf02A	2	4	0.0211743942841,0.0705233988287,0.0454888497608,0.0363769132844,0.0605769859731,0.206486250072,0.0106725499987,0.00385323061865,0.482235532633,0.0626118945469
Tc31Xxq_730plC4imUphzA	rMf_QIAUHMIr3OJybv5Ylw	5	4	0.000997460955138,0.017596497459,0.0383176841571,0.0483710880892,0.160575736707,0.395999097717,0.00754018222575,0.00347267979041,0.059174161763,0.267955411137
Tc31Xxq_730plC4imUphzA	m2lun2nVulZeRUmcc7FPRw	4	4	0.000166635508918,2.83407677651e-05,1.18214508156e-05,2.68167356054e-05,0.983090976801,0.00112322554533,0.0,0.0,0.0150233897639,0.000528793426581
ib15YbFAejymqZIQPnxbjA	ILUWeCJTc-tIaTh3f6EVfA	2	1	0.0,0.960918207684,0.00970306492162,2.92312994748e-05,0.0214602079715,0.00154534762301,0.0,0.0,0.006086924749,0.000257015751448
ib15YbFAejymqZIQPnxbjA	XaOgsg43y93pzEm01DGtpA	5	1	0.00114770979375,0.316059431816,0.0301338217517,0.0396339983774,0.19101905057,0.117887951329,0.00259319214147,0.0019234363748,0.105988470554,0.193612937291
ib15YbFAejymqZIQPnxbjA	xkOQUAqnU-u6qSj9pBtukA	5	1	0.00369107771498,0.172102044005,0.102702543421,0.0240549349397,0.180672431078,0.147984973008,0.00542692509582,0.00465449580194,0.236687015831,0.122023559104
ib15YbFAejymqZIQPnxbjA	Gb64SwyXvFx2xTfrG7zNag	4	1	0.0,0.960918207684,0.00970306492162,2.92312994748e-05,0.0214602079715,0.00154534762301,0.0,0.0,0.006086924749,0.000257015751448
ib15YbFAejymqZIQPnxbjA	WjPDTkRTT0B4ft7-K8dGxA	5	1	0.0,0.960918207684,0.00970306492162,2.92312994748e-05,0.0214602079715,0.00154534762301,0.0,0.0,0.006086924749,0.000257015751448
ib15YbFAejymqZIQPnxbjA	4vTgEFmjwO0pfxnSOb5DlA	4	1	0.0,0.960918207684,0.00970306492162,2.92312994748e-05,0.0214602079715,0.00154534762301,0.0,0.0,0.006086924749,0.000257015751448
ib15YbFAejymqZIQPnxbjA	m6MLFP4Kqiud4QviuYt7Gw	5	1	1.75148688333e-05,0.97744864719,0.00529215431771,0.000189585858965,0.0111644120077,0.00103455582324,4.81673035044e-05,3.1174745208e-05,0.00408595962765,0.000687828256885
ib15YbFAejymqZIQPnxbjA	DefE7lmKgHJrpYb3ZP7pJQ	5	1	0.00473387978001,0.324324296162,0.0143242132532,0.227789020017,0.0153269526897,0.0151995458784,0.0160602226116,0.00440716872928,0.291718008349,0.0861166925295
ib15YbFAejymqZIQPnxbjA	_EB2O2GjkTkUdGLi01O5hw	5	1	0.00163189064636,0.128190720061,0.0841548383941,0.0731523043813,0.0480597309574,0.477412712572,0.00604412042825,0.0074712160186,0.0981055745519,0.0757768919889
ib15YbFAejymqZIQPnxbjA	GgLKuIw4ZbPXZ2k83rkUyg	5	1	0.0,0.960918207684,0.00970306492162,2.92312994748e-05,0.0214602079715,0.00154534762301,0.0,0.0,0.006086924749,0.000257015751448
ib15YbFAejymqZIQPnxbjA	EFOQgpaYJuqE9UbOCLMj0A	5	1	0.0,0.960918207684,0.00970306492162,2.92312994748e-05,0.0214602079715,0.00154534762301,0.0,0.0,0.006086924749,0.000257015751448
ib15YbFAejymqZIQPnxbjA	EjjE_SagYDhFbw3Iu5l1hA	5	1	0.0,0.960918207684,0.00970306492162,2.92312994748e-05,0.0214602079715,0.00154534762301,0.0,0.0,0.006086924749,0.000257015751448
1S07OVrtlA53CACci5jWgQ	HANb8-8InWnju-XzBQQSBw	4	3	0.00297843251019,0.0192434493836,0.0933744368689,0.0462097736563,0.11951839909,0.137788136294,0.0816549954579,0.00536984076131,0.202647467232,0.291215068745
1S07OVrtlA53CACci5jWgQ	PbNJ09Y1E1hjx9mORJrYzg	2	3	0.00525399489222,0.0850662622123,0.0734810192483,0.103810865669,0.0779992919761,0.117455397368,0.00931201852836,0.0396878938003,0.322481928387,0.165451327918
1S07OVrtlA53CACci5jWgQ	LKCd--hsdvMidCiJ675Bug	3	3	0.00278918906926,0.14327899009,0.0819893346496,0.274642887861,0.104348329194,0.111580048779,0.0086929696378,0.0146791412692,0.0947648278925,0.163234281558
1S07OVrtlA53CACci5jWgQ	d1I7WgowWgblUJ9uWgRn6A	3	3	0.00173017150326,0.0213490318492,0.0430055218109,0.104690921918,0.0837564235477,0.175647137196,0.00795382921403,0.0826719861697,0.132611430511,0.34658354628
1S07OVrtlA53CACci5jWgQ	OZCzq4BvNGdTpBE2iUg0Tw	3	3	0.00372005004868,0.0313433369032,0.0835764095415,0.117761017711,0.116422804079,0.178670824643,0.0110463130513,0.0194721873133,0.245259393464,0.192727663245
1S07OVrtlA53CACci5jWgQ	1oaYHIzhZcJlpv-AvMW3Cg	3	3	0.000829170909744,0.0124957133318,0.0314343161962,0.180851828361,0.0748687147713,0.128669509929,0.00698715552748,0.00435867251289,0.0476678308044,0.511837087657
1S07OVrtlA53CACci5jWgQ	GKci9s_NDb2rO6frxyjpBw	4	3	0.00434682622623,0.164488341372,0.0979938515788,0.208443749361,0.076072830302,0.0658427258547,0.0095029557738,0.0280902773196,0.0952974907416,0.24992095147
1S07OVrtlA53CACci5jWgQ	DefE7lmKgHJrpYb3ZP7pJQ	4	3	0.00473387978001,0.324324296162,0.0143242132532,0.227789020017,0.0153269526897,0.0151995458784,0.0160602226116,0.00440716872928,0.291718008349,0.0861166925295
1S07OVrtlA53CACci5jWgQ	rMf_QIAUHMIr3OJybv5Ylw	5	3	0.000997460955138,0.017596497459,0.0383176841571,0.0483710880892,0.160575736707,0.395999097717,0.00754018222575,0.00347267979041,0.059174161763,0.267955411137
1S07OVrtlA53CACci5jWgQ	NGX1PZwHET_oQOT7vkkxag	3	3	0.00228121453542,0.113756764563,0.0770202981382,0.061168904998,0.0632828355792,0.31365303362,0.0061908454437,0.0287522742749,0.125547655206,0.208346173641
1S07OVrtlA53CACci5jWgQ	3qFI4GeLEDUtWNRpLBY68Q	2	3	0.0031427412484,0.0331450079976,0.0771961255253,0.0666804787983,0.0631882614471,0.101248374015,0.00781965405234,0.140813622037,0.197541401201,0.309224333678
rzH3NU9teI9WVKt-hBsJjg	pD0ntLKZOopi2KmaVxSw_A	5	1	0.0177972164479,0.094087605343,0.0449050615888,0.039900997635,0.0630408669862,0.217381546887,0.0115339025968,0.00318401494107,0.364323109853,0.143845677721
rzH3NU9teI9WVKt-hBsJjg	Bz72H3uYMxkcVs1RzwlKog	4	1	0.00306887525692,0.439118348488,0.0269789730305,0.0183689085993,0.0577000253146,0.0986490687914,0.0123549750757,0.124812407416,0.185743693248,0.0332047247807
rzH3NU9teI9WVKt-hBsJjg	iN34tIuP_IYqQWIaPhddmw	5	1	0.00416417948197,0.122235491303,0.116602486438,0.0552687771815,0.117877859477,0.091569553635,0.00769473851803,0.00282658176374,0.30401837779,0.177741954412
rzH3NU9teI9WVKt-hBsJjg	y9ZRveVYCIZa7XONp1LGow	4	1	3.50297376667e-05,0.993979086697,0.0008812437138,0.000349940418455,0.000868616044034,0.000523764023468,9.63346070089e-05,6.2349490416e-05,0.00208499450631,0.00111864076232
rzH3NU9teI9WVKt-hBsJjg	9PkJdFbEAh6bJgDaHJ18mA	4	1	0.00151511314948,0.272757206181,0.0562062305329,0.0459521585463,0.238005623509,0.167641716383,0.0109255685814,0.00269749522803,0.0722320773177,0.13206681057
rzH3NU9teI9WVKt-hBsJjg	E3EFB-ZH9Cr_MZ8ovYhUQg	4	1	0.000614384495597,0.207538953655,0.0140200127142,0.046502266031,0.396850941538,0.145306453511,0.0157680083249,0.00094189180846,0.0285020874039,0.143955000517
rzH3NU9teI9WVKt-hBsJjg	Au8zxtMKpouKEfG0GnXo-A	4	1	0.00301151487574,0.189645875274,0.0700652171379,0.0797494552941,0.0441272090362,0.282018031358,0.00738430626592,0.00847783906326,0.183545797202,0.131974754492
rzH3NU9teI9WVKt-hBsJjg	r_qusk0u1v7kAOek0LK7xw	3	1	0.00259378097146,0.14985745823,0.167546456858,0.0438721558057,0.0698343310362,0.168379663126,0.00476147123528,0.00611371672855,0.118006098412,0.269034867596
rzH3NU9teI9WVKt-hBsJjg	co71gkfZJGRZbXvZNGxZEw	5	1	0.00170749683002,0.592744062664,0.0332693511525,0.0539025300074,0.0429650769747,0.0264330699226,0.0030598120092,0.00288060612673,0.0988147252602,0.144223269053
rzH3NU9teI9WVKt-hBsJjg	GiCxjPrrrZ3q-M5_Y6UmVQ	5	1	0.00480493325685,0.260662468595,0.0298245276127,0.0172936161851,0.0195033565782,0.160792130455,0.0134270858819,0.0030991907207,0.264738746449,0.225853944265
rzH3NU9teI9WVKt-hBsJjg	Gd5Q2H8Et-SkLuDo7F98WQ	4	1	1.75148688333e-05,0.575680051529,0.00707077113651,0.0707994003023,0.00656579908503,0.121952128041,4.81673035044e-05,0.0314320478031,0.132320178969,0.0541139409622
rzH3NU9teI9WVKt-hBsJjg	9TJKKPGJrlX089fX6332MQ	5	1	3.50297376667e-05,0.993979086697,0.0008812437138,0.000349940418455,0.000868616044034,0.000523764023468,9.63346070089e-05,6.2349490416e-05,0.00208499450631,0.00111864076232
rzH3NU9teI9WVKt-hBsJjg	3NU4UJWlsVIl6kSYouaFxA	5	1	0.019959070502,0.0732222875043,0.0317114362055,0.0500057071834,0.198268130653,0.0976509707011,0.049648566403,0.00179801937325,0.218300476515,0.259435334959
rzH3NU9teI9WVKt-hBsJjg	3tqlK4acUbM5Kgnk1h5DRA	5	1	0.00479298408548,0.247647561615,0.161021719682,0.0724379820253,0.0782967689666,0.0443109283433,0.00943666074507,0.0115250510723,0.297434276935,0.0730960665304
rzH3NU9teI9WVKt-hBsJjg	ErgbL4PS-ybDsOJyj4Tvxw	4	1	3.50297376667e-05,0.993979086697,0.0008812437138,0.000349940418455,0.000868616044034,0.000523764023468,9.63346070089e-05,6.2349490416e-05,0.00208499450631,0.00111864076232
rzH3NU9teI9WVKt-hBsJjg	oolWxkuiaGjgh5wv6_Xh-w	5	1	0.00521002782149,0.142332959061,0.0413087533831,0.0172875333062,0.0550664589831,0.161683546357,0.013332248709,0.0474780752983,0.454023245337,0.0622771517431
rzH3NU9teI9WVKt-hBsJjg	CRIob-JMCmMe3JAFKuAtCA	5	1	0.0021988919849,0.614552912601,0.0493982409685,0.0213315211848,0.0559493818277,0.0414153535465,0.0040999068775,0.00547092035806,0.147414507622,0.0581683630289
rzH3NU9teI9WVKt-hBsJjg	-swXonAzCYdZMpkDo0i_FA	5	1	0.0050780601174,0.212832528866,0.0241538023042,0.0331926465537,0.295030113936,0.0209545194751,0.0216757598165,0.00671527787699,0.312196203528,0.0681710875258
rzH3NU9teI9WVKt-hBsJjg	iOswsZGkOMLs-EEroamL9Q	5	1	0.00497622263664,0.353691936187,0.12526599901,0.0154363374449,0.034948802975,0.0395890825614,3.21115356696e-05,0.000344998138596,0.371574523762,0.0541399857495
rzH3NU9teI9WVKt-hBsJjg	OeVbKa-5bo0aL9AQ6bLodg	5	1	0.0021438946203,0.205389436559,0.0114561738008,0.330555926043,0.218677839775,0.00944558491945,0.00822903382196,0.000504420565885,0.193628006525,0.0199696833685
rzH3NU9teI9WVKt-hBsJjg	H8wT4jji49mEB_CxXFF5LA	5	1	0.00775071005102,0.263191427933,0.0270462220697,0.048490618366,0.0184604853541,0.0103517221565,0.0167415727503,0.000905548454538,0.485932569947,0.121129122918
rzH3NU9teI9WVKt-hBsJjg	gMptLmFSVO2gsAIk-pfSVA	4	1	0.0706699789363,0.16456753703,0.0398958277116,0.0280994768617,0.0368258205332,0.109064253981,0.0123627865828,0.00246917606557,0.458338693011,0.077706449287
rzH3NU9teI9WVKt-hBsJjg	bCeCd7g_G2IQGwEVAKl3fQ	5	1	3.50297376667e-05,0.993979086697,0.0008812437138,0.000349940418455,0.000868616044034,0.000523764023468,9.63346070089e-05,6.2349490416e-05,0.00208499450631,0.00111864076232
rzH3NU9teI9WVKt-hBsJjg	Ota-6ush0gwe5QhWfdNZHg	5	1	3.50297376667e-05,0.993979086697,0.0008812437138,0.000349940418455,0.000868616044034,0.000523764023468,9.63346070089e-05,6.2349490416e-05,0.00208499450631,0.00111864076232
rzH3NU9teI9WVKt-hBsJjg	T2KFiEUzg1QdiJCO9IvLPQ	5	1	0.00842318197618,0.209157151783,0.0204898088731,0.00558835786836,0.0175341258756,0.0129732318705,0.0169209856801,0.00146032580674,0.574760105673,0.132692724594
rzH3NU9teI9WVKt-hBsJjg	wVQab8RRmPwhQ2fGiQnhyA	4	1	0.0336600925445,0.173689089882,0.0510121738179,0.0369857689568,0.052565439723,0.144826153135,0.00823033820389,0.00525664259834,0.358519392244,0.135254908894
rzH3NU9teI9WVKt-hBsJjg	lnI3o0mHyYjVPKadZdskeQ	4	1	0.0102395989075,0.136444601655,0.0727804832659,0.0176554891038,0.0311892037105,0.022535024327,0.0230470495042,0.0060533967758,0.593589605793,0.0864655469573
rzH3NU9teI9WVKt-hBsJjg	5RrSV_EVvG57M-5kKax93Q	4	1	0.000854032588528,0.508339173183,0.0435361122173,0.251091619501,0.0168942589528,0.0274323555323,0.00625463579446,0.00529768636695,0.0437694806835,0.0965306451807
rzH3NU9teI9WVKt-hBsJjg	XZXnUCqeFzmvgIq14V0J3Q	5	1	3.50297376667e-05,0.993979086697,0.0008812437138,0.000349940418455,0.000868616044034,0.000523764023468,9.63346070089e-05,6.2349490416e-05,0.00208499450631,0.00111864076232
rzH3NU9teI9WVKt-hBsJjg	iLM27ACTnZt2x0RIibQtpQ	4	1	0.00724057468543,0.219676204423,0.0190943782698,0.033437954457,0.0179316881268,0.00951821710696,0.135625290523,0.00110266539451,0.463033817697,0.0933392093166
rzH3NU9teI9WVKt-hBsJjg	-mh2sQvb1JncScrc2qhUXQ	5	1	3.50297376667e-05,0.993979086697,0.0008812437138,0.000349940418455,0.000868616044034,0.000523764023468,9.63346070089e-05,6.2349490416e-05,0.00208499450631,0.00111864076232
rzH3NU9teI9WVKt-hBsJjg	6nqakbu2zU6fjOmbE83_-A	5	1	0.00289142452173,0.132373448818,0.0975417011218,0.064893296555,0.0830931657264,0.251022310985,0.0200980641381,0.0224171148314,0.171610264869,0.154059208434
rzH3NU9teI9WVKt-hBsJjg	kc1uUlHySLvnUvQHtkvfqg	5	1	0.0010082223971,0.186956583117,0.048872077497,0.10045267237,0.0992375755124,0.389749241179,0.00439955310588,0.0860175177523,0.0451020388214,0.0382045182489
rzH3NU9teI9WVKt-hBsJjg	Cz6rfr05U6vN_Zix7nufFw	5	1	3.50297376667e-05,0.993979086697,0.0008812437138,0.000349940418455,0.000868616044034,0.000523764023468,9.63346070089e-05,6.2349490416e-05,0.00208499450631,0.00111864076232
rzH3NU9teI9WVKt-hBsJjg	lCR5L4ddC2absE0rOc4cEw	4	1	3.50297376667e-05,0.993979086697,0.0008812437138,0.000349940418455,0.000868616044034,0.000523764023468,9.63346070089e-05,6.2349490416e-05,0.00208499450631,0.00111864076232
rzH3NU9teI9WVKt-hBsJjg	VFO8RtZQOGOUpOxbVpMNRA	5	1	0.0217991854706,0.0560757589228,0.0807117347672,0.0398683155624,0.134309469864,0.266948127286,0.00745781764399,0.00542849637166,0.202493596182,0.18490749793
rzH3NU9teI9WVKt-hBsJjg	C-YjZ0XqJvRZr7Jya8hE6w	4	1	3.50297376667e-05,0.993979086697,0.0008812437138,0.000349940418455,0.000868616044034,0.000523764023468,9.63346070089e-05,6.2349490416e-05,0.00208499450631,0.00111864076232
rzH3NU9teI9WVKt-hBsJjg	5BNI8ukGTlwUI2CCeyjZOw	5	1	0.00347520622484,0.107434445109,0.0739621558343,0.0996031388054,0.0567812593895,0.190059336565,0.00980093862369,0.0459778612769,0.251710572721,0.16119508545
rzH3NU9teI9WVKt-hBsJjg	2fJBtUVqTrSZdczLBlOoJQ	5	1	0.00109117119542,0.35005034213,0.0597627135588,0.0170432582635,0.034888254344,0.437492586911,0.00245386560639,0.00272965165631,0.0619880848833,0.032500071452
rzH3NU9teI9WVKt-hBsJjg	7JQ8n15WeW4D5AnNulQOCQ	5	1	0.00403617951347,0.157637787849,0.0550859029906,0.0393502431683,0.0441835288315,0.261964083543,0.0067836908155,0.00614056952818,0.340838564572,0.0839794491886
rzH3NU9teI9WVKt-hBsJjg	jxStSYz2atJFuKmUS0iffw	4	1	0.00254575386807,0.453552971978,0.0138867523487,0.109846773544,0.0254460994069,0.115667401938,0.0094190160651,0.000954683424472,0.251010585043,0.0176699623849
rzH3NU9teI9WVKt-hBsJjg	7a5tgR4lbdAefJIbCmSuUg	5	1	0.00289421048497,0.219290145492,0.11924758404,0.0148629462117,0.0541330885818,0.169073245444,0.00503258546979,0.00393142945208,0.137901234896,0.273633529928
rzH3NU9teI9WVKt-hBsJjg	YtbXNQJEJAHZK_2DFXSa6w	5	1	0.00454533784812,0.119632843332,0.0912049388787,0.0223920640418,0.162345432932,0.137992150028,0.0139415615687,0.00413040633886,0.301686042412,0.14212922262
rzH3NU9teI9WVKt-hBsJjg	inxT8ed7YwUT207W1RKE1g	1	1	3.50297376667e-05,0.993979086697,0.0008812437138,0.000349940418455,0.000868616044034,0.000523764023468,9.63346070089e-05,6.2349490416e-05,0.00208499450631,0.00111864076232
rzH3NU9teI9WVKt-hBsJjg	PR8mTpquWDr3clN03-vMEg	4	1	0.000324275471544,0.498838797831,0.00561012184735,0.00189187449069,0.457193919393,0.00246849799485,0.0157217722526,0.000415278198015,0.00782955195363,0.00970591056781
rzH3NU9teI9WVKt-hBsJjg	7UTna-VDkttit9PLeJQ__Q	5	1	0.00267342237404,0.567712849885,0.0650718739214,0.0265561460633,0.0684044727179,0.0333639603842,0.000562898863583,0.00942222529403,0.16408694085,0.0621452096468
rzH3NU9teI9WVKt-hBsJjg	kZtNCg4fPulJAOCiWbpKOA	1	1	3.50297376667e-05,0.993979086697,0.0008812437138,0.000349940418455,0.000868616044034,0.000523764023468,9.63346070089e-05,6.2349490416e-05,0.00208499450631,0.00111864076232
rzH3NU9teI9WVKt-hBsJjg	oXU_b0-p_ii4_PHhM93pWA	5	1	0.0010055799419,0.936562943844,0.000610631655744,0.00457546565377,0.00558925220915,0.0132671658078,0.00194291793876,4.28984373562e-05,0.0303349584022,0.00606818610923
rzH3NU9teI9WVKt-hBsJjg	etuZywOGmPhsZAKRneaCQQ	4	1	0.00130468708929,0.862948574941,0.00292438410156,0.00606317659061,0.0268173222225,0.0082342312324,0.00257898696245,0.00135299410022,0.0790314364214,0.0087442063383
rzH3NU9teI9WVKt-hBsJjg	NGX1PZwHET_oQOT7vkkxag	5	1	0.00228121453542,0.113756764563,0.0770202981382,0.061168904998,0.0632828355792,0.31365303362,0.0061908454437,0.0287522742749,0.125547655206,0.208346173641
rzH3NU9teI9WVKt-hBsJjg	MW09ejzq8mY2OjquQs50TQ	5	1	3.50297376667e-05,0.993979086697,0.0008812437138,0.000349940418455,0.000868616044034,0.000523764023468,9.63346070089e-05,6.2349490416e-05,0.00208499450631,0.00111864076232
rzH3NU9teI9WVKt-hBsJjg	2jNfhVFUtqB9lFTT8Jr0Kw	4	1	3.50297376667e-05,0.993979086697,0.0008812437138,0.000349940418455,0.000868616044034,0.000523764023468,9.63346070089e-05,6.2349490416e-05,0.00208499450631,0.00111864076232
rzH3NU9teI9WVKt-hBsJjg	yiRhtbRF-DHNnX3dfE8jFw	4	1	0.000232806224331,0.502272392439,0.00996986242633,0.00374464092793,0.00573852330187,0.444723471359,0.00184536846641,0.000659124776119,0.0200151899412,0.0107986201381
rzH3NU9teI9WVKt-hBsJjg	fDXALtk5kBuQgUD5GLkrhg	5	1	0.00569526969847,0.145047500574,0.0330394717941,0.0255538769765,0.0331433906868,0.0999046112133,0.0173816393357,0.00229142847412,0.488596558516,0.149346252731
rzH3NU9teI9WVKt-hBsJjg	go3_RCCCZBDTL_NPiWxVqA	5	1	0.00495781739226,0.33811666355,0.310742894693,0.00200175750155,0.0107048056271,0.00679203721363,0.0149236462561,0.000566101343343,0.301571982946,0.00962229347746
rzH3NU9teI9WVKt-hBsJjg	NVUrOtbBK7HEvPpHsXmN8Q	4	1	0.00335836850741,0.135958100549,0.155999950025,0.0470585212864,0.0477462034695,0.145160459174,0.00810162257965,0.00463478276237,0.288037572412,0.163944419234
rzH3NU9teI9WVKt-hBsJjg	l1ueBdwcaL0vNEZBq_7wzg	4	1	0.000406743527749,0.435757768525,0.0158268751767,0.02176604775,0.0111678323708,0.428794493633,0.000602018759529,0.000868557378037,0.0231417303166,0.0616679325627
rzH3NU9teI9WVKt-hBsJjg	2eICeRlxg8Mb51cTnw4r0A	4	1	0.00552210648226,0.185287936974,0.0456318747199,0.0610923891699,0.0647785512686,0.126859255225,0.0140347490409,0.00156243366189,0.435507385155,0.0597233183028
rzH3NU9teI9WVKt-hBsJjg	rQ7arVWx_IfTXbnWBfqG9w	5	1	0.00255242365371,0.407269219598,0.0841644229329,0.0530461656828,0.0606092242672,0.114042221558,0.00465157252057,0.00436148517073,0.102320321205,0.16698294341
rzH3NU9teI9WVKt-hBsJjg	T3_rzDrub-aQYGCB1nydgQ	5	1	9.46422889687e-05,0.498973660938,0.00105717083417,0.00137344346842,0.00221898167605,0.488726986359,0.000553518999804,0.000302452368996,0.0053583485121,0.0013407945541
rzH3NU9teI9WVKt-hBsJjg	pT_TsqlgOHpL_Mv2zmUhbQ	5	1	0.00105332838399,0.523314784171,0.0897251391936,0.0289599783737,0.0301473258029,0.145143854788,0.00555121549507,0.00875040615261,0.113380679623,0.0539732880151
rzH3NU9teI9WVKt-hBsJjg	GonYPp67Ba5ucqr83dqoZQ	5	1	3.50297376667e-05,0.993979086697,0.0008812437138,0.000349940418455,0.000868616044034,0.000523764023468,9.63346070089e-05,6.2349490416e-05,0.00208499450631,0.00111864076232
rzH3NU9teI9WVKt-hBsJjg	Y7TaGvsfK8wbKoIkqMguOg	5	1	0.00149504322788,0.274153860274,0.0372767503926,0.000926718191596,0.281333275105,0.0074593960936,0.000160672841264,0.011800931808,0.291749331416,0.0936440206506
rzH3NU9teI9WVKt-hBsJjg	KqY6HHpdlGh4IeaWWfkKww	4	1	0.00201892143909,0.532865188479,0.10206851528,0.034653832585,0.0604647660078,0.0684925670388,4.81673035044e-05,0.00531337637251,0.0841047311844,0.109969934309
rzH3NU9teI9WVKt-hBsJjg	6lLTQ5Vl5983Di-8sa-IsA	5	1	0.00127042164034,0.170510374736,0.069106810635,0.112093607854,0.128396184451,0.292597769542,0.00459239760819,0.00764588278014,0.0829542468453,0.130832303908
rzH3NU9teI9WVKt-hBsJjg	IHNhEhC_DeoIGtVT8Sithg	5	1	3.50297376667e-05,0.993979086697,0.0008812437138,0.000349940418455,0.000868616044034,0.000523764023468,9.63346070089e-05,6.2349490416e-05,0.00208499450631,0.00111864076232
rzH3NU9teI9WVKt-hBsJjg	pwyRJuJoodUS__gsQMGlMw	4	1	0.00297117286642,0.0977289856577,0.072031286397,0.0584321086441,0.174897897971,0.138875779999,0.00844704549868,0.00487106126004,0.218590244158,0.223154417549
rzH3NU9teI9WVKt-hBsJjg	vcQfQJo3vdbCBeqeqo5rUA	5	1	0.00293892390674,0.180248417792,0.0446269053101,0.0464931726817,0.0483508052107,0.0944152077124,0.00832822885737,0.00348303075542,0.160455700608,0.410659607166
rzH3NU9teI9WVKt-hBsJjg	eFIlrOz3TnuZQeh2Y1e17Q	4	1	0.0167839038097,0.0436892476297,0.100059189701,0.102530884617,0.119138342219,0.095868623568,0.0192400392182,0.0147301679771,0.423166617856,0.0647929834036
rzH3NU9teI9WVKt-hBsJjg	iR99P7t7tYWPMZw57o7Uow	3	1	0.00084938201638,0.39548427564,0.0897315966758,0.050331139072,0.120414574686,0.0238866553583,0.00137259890323,0.0215659023219,0.148432826582,0.147931048744
rzH3NU9teI9WVKt-hBsJjg	9iRDAeoTW08yZgR0JaaOHg	5	1	0.0214668634807,0.0775198636981,0.089255794786,0.0274363317711,0.0408152066915,0.263174387048,0.0121304514484,0.00456354045419,0.366132858961,0.097504701661
rzH3NU9teI9WVKt-hBsJjg	3DXQC2JALx0UQhpzSPMi6g	5	1	0.00785352736977,0.215861794109,0.0359827792729,0.0337149250569,0.0268726844863,0.0195284633682,0.00558251250111,0.001828231972,0.55758992567,0.0951851561938
rzH3NU9teI9WVKt-hBsJjg	hpaHRiqdYcDNlLJxo5C9JQ	4	1	0.000577393314442,0.504399626356,0.013096628137,0.00377412739234,0.0251376555916,0.397159381893,0.00369856743726,0.00127883126333,0.0235730559388,0.0273047326754
rzH3NU9teI9WVKt-hBsJjg	44PEBOp6UwYrgiQzCFetTA	4	1	0.00135987802548,0.405411795945,0.0310789472038,0.023764259525,0.0526823945413,0.228003175592,0.00368147816401,0.00376744957559,0.212238658679,0.0380119627486
rzH3NU9teI9WVKt-hBsJjg	oYT1eRGFQxzPCR0h_JyvIw	5	1	0.0506076200539,0.111153001023,0.0523935690023,0.0286658730338,0.0373365085085,0.213784747653,0.00917052889764,0.00712893436053,0.410509827527,0.079249389941
rzH3NU9teI9WVKt-hBsJjg	LPKBHpoNcNqCa3KUifJfYQ	5	1	3.50297376667e-05,0.993979086697,0.0008812437138,0.000349940418455,0.000868616044034,0.000523764023468,9.63346070089e-05,6.2349490416e-05,0.00208499450631,0.00111864076232
rzH3NU9teI9WVKt-hBsJjg	6oAKlPjZypU_mWF1AJl_Pw	3	1	3.50297376667e-05,0.993979086697,0.0008812437138,0.000349940418455,0.000868616044034,0.000523764023468,9.63346070089e-05,6.2349490416e-05,0.00208499450631,0.00111864076232
rzH3NU9teI9WVKt-hBsJjg	XOKy3A0DCZuzeglHZw76XQ	5	1	0.00317635797795,0.13756654887,0.0763526121536,0.0220479996415,0.0464642318037,0.263079042938,0.007323893497,0.00756949197688,0.285898530199,0.150521290943
rzH3NU9teI9WVKt-hBsJjg	TpGTyk-NuepCXxsda8iXUA	5	1	0.0463118534128,0.111437914955,0.0561534507329,0.0168576472226,0.100797071964,0.125227077041,0.014901884531,0.00303585818174,0.486389624015,0.0388876179441
rzH3NU9teI9WVKt-hBsJjg	swfUUft5Z7jyatGrNoUSpw	5	1	0.00124696733566,0.539428170361,0.116391985636,0.0283830872378,0.0353635593496,0.0581866679384,0.00826863691681,0.0110448832131,0.137378455786,0.0643075862257
rzH3NU9teI9WVKt-hBsJjg	grSmy1Z-p1mFpCuLzQsYBg	2	1	3.50297376667e-05,0.993979086697,0.0008812437138,0.000349940418455,0.000868616044034,0.000523764023468,9.63346070089e-05,6.2349490416e-05,0.00208499450631,0.00111864076232
rzH3NU9teI9WVKt-hBsJjg	BHrQos_SwrrDiRQYSD_nIA	5	1	3.50297376667e-05,0.993979086697,0.0008812437138,0.000349940418455,0.000868616044034,0.000523764023468,9.63346070089e-05,6.2349490416e-05,0.00208499450631,0.00111864076232
rzH3NU9teI9WVKt-hBsJjg	HIEtUrgB_fVNNWor-7n6Jg	4	1	0.00133074218604,0.594664038646,0.0297335961718,0.0169481614256,0.0499484751895,0.0278782097469,0.00098245552265,0.00211843099792,0.247982989784,0.0284129003289
rzH3NU9teI9WVKt-hBsJjg	eUr1wjuVp3K_fcjGLHkMGw	5	1	0.0082707041405,0.332821068561,0.00274207300813,0.000836140086421,0.00305103294681,0.00169172249304,0.0107430341674,0.000330811945946,0.637671844779,0.00184156787247
rzH3NU9teI9WVKt-hBsJjg	9LZXJu6RZ6UpIXYGSZWB7Q	5	1	0.0042485597794,0.0819002402651,0.100524463414,0.0691042242377,0.150037443626,0.0523619809636,0.0146423460839,0.00499259090491,0.388313351363,0.133874799362
rzH3NU9teI9WVKt-hBsJjg	auUfJU6y7293ORFb_tO1sg	5	1	0.00201755030849,0.51638789306,0.12492412839,0.0302695896625,0.0539974806194,0.137498705925,0.000226728163552,0.00323901050334,0.0616002137324,0.069838699635
rzH3NU9teI9WVKt-hBsJjg	H-ClPrZm4MriWZXHhotqyQ	1	1	0.0136932995644,0.205309722589,0.0100860376068,0.00219905125856,0.0104840142892,0.00425528992748,0.0281999657546,0.00020925588838,0.720627119574,0.00493624354822
rzH3NU9teI9WVKt-hBsJjg	tfxU4RXkpDYTE1J77_Jbag	5	1	3.50297376667e-05,0.993979086697,0.0008812437138,0.000349940418455,0.000868616044034,0.000523764023468,9.63346070089e-05,6.2349490416e-05,0.00208499450631,0.00111864076232
rzH3NU9teI9WVKt-hBsJjg	8oJRVNV3Bi3VHAuI1Su7-A	4	1	0.0179762147133,0.0681037015217,0.152481173123,0.0415835372547,0.07608267192,0.151823622918,0.00891726128794,0.0346308662121,0.30054230305,0.147858648
rzH3NU9teI9WVKt-hBsJjg	wZ2B3_9CiWUQCd6hS156Tw	2	1	0.00265830970323,0.137105386948,0.0948060671721,0.163047399643,0.0815450126392,0.0891133531162,0.00768553989513,0.0102047253551,0.204298137902,0.209536067627
rzH3NU9teI9WVKt-hBsJjg	fjQAOHSkRj-zbPvLJfvu3A	3	1	0.00235548113047,0.131101480113,0.0655612503567,0.0398856831039,0.114021526473,0.125947825347,0.00930687751657,0.00618295849301,0.216542227486,0.289094689981
rzH3NU9teI9WVKt-hBsJjg	J8xQk0zNcQAm76XrThbEAQ	4	1	0.00489116658194,0.335723664883,0.304141112838,0.00852955522643,0.0135371421216,0.00473844907867,0.0230016953333,0.0020558275758,0.27987283702,0.0235085493419
rzH3NU9teI9WVKt-hBsJjg	kp3GLnG9bdwSM2DtAQwwJw	5	1	3.50297376667e-05,0.993979086697,0.0008812437138,0.000349940418455,0.000868616044034,0.000523764023468,9.63346070089e-05,6.2349490416e-05,0.00208499450631,0.00111864076232
rzH3NU9teI9WVKt-hBsJjg	x112uRZb_ObZUjt5Oif5IA	5	1	3.50297376667e-05,0.993979086697,0.0008812437138,0.000349940418455,0.000868616044034,0.000523764023468,9.63346070089e-05,6.2349490416e-05,0.00208499450631,0.00111864076232
rzH3NU9teI9WVKt-hBsJjg	QBoFgFqWhGgJhgJzbQ5tYQ	5	1	3.50297376667e-05,0.993979086697,0.0008812437138,0.000349940418455,0.000868616044034,0.000523764023468,9.63346070089e-05,6.2349490416e-05,0.00208499450631,0.00111864076232
rzH3NU9teI9WVKt-hBsJjg	Qlj-6eVV-tKWSPZ-JQFVVQ	4	1	0.00127814300444,0.223855871085,0.0538293645786,0.0190037242076,0.0446576805232,0.279296577205,0.00416193653636,0.00391851747307,0.0698177451397,0.300180440247
rzH3NU9teI9WVKt-hBsJjg	ibnbXrtLARvdDGfo9cGx0w	3	1	3.50297376667e-05,0.993979086697,0.0008812437138,0.000349940418455,0.000868616044034,0.000523764023468,9.63346070089e-05,6.2349490416e-05,0.00208499450631,0.00111864076232
rzH3NU9teI9WVKt-hBsJjg	IIRBF6_xbWYPbP_mjGI8RA	4	1	0.0142573011035,0.0864866637896,0.0717974935998,0.0761993670232,0.0689004639702,0.194648086339,0.00919574776097,0.00360188310192,0.278746049573,0.196166943739
rzH3NU9teI9WVKt-hBsJjg	spu8ZSng5Rne1mnlNSC9dA	4	1	1.75148688333e-05,0.513103403811,0.00232453917013,0.000291587539991,0.00171351420548,0.00719446728842,4.81673035044e-05,0.468800361395,0.00445611292127,0.00205033149609
rzH3NU9teI9WVKt-hBsJjg	J_RuYVPEDZBtP70iH-_PRg	4	1	0.00136068281539,0.271617968797,0.0604681110921,0.063319387839,0.33410991249,0.0361121479315,0.00139487473907,0.00572196507555,0.0922041452465,0.133690803974
rzH3NU9teI9WVKt-hBsJjg	EIEE9tOYbaTgDpiMDms-RA	3	1	0.00109654381838,0.216089405997,0.0336150325929,0.0445609083045,0.0332024743773,0.154761263418,0.00287967661844,0.00208684509914,0.0632160750852,0.44849177469
rzH3NU9teI9WVKt-hBsJjg	4qm3IG8VAZ57YdxwyHaTZg	5	1	3.50297376667e-05,0.993979086697,0.0008812437138,0.000349940418455,0.000868616044034,0.000523764023468,9.63346070089e-05,6.2349490416e-05,0.00208499450631,0.00111864076232
rzH3NU9teI9WVKt-hBsJjg	fRNS4GMOoQeCwzLDbKcOZQ	5	1	0.0129963407075,0.383033299792,0.160733760504,0.000441310692372,0.00338794960977,0.0335212379902,0.00509173499616,0.000181367999392,0.389685606827,0.010927390881
rzH3NU9teI9WVKt-hBsJjg	qZpkw9oFYughFfAFtTM8Ig	4	1	0.00152879383009,0.345687075996,0.0728930699543,0.116490236656,0.0642000704283,0.140650792633,0.008741167532,0.0055020854295,0.124032396208,0.120274311333
rzH3NU9teI9WVKt-hBsJjg	UQ8iuU6IKnS8vzUTcL7VLA	4	1	0.00432096672684,0.2519550963,0.00814333669182,0.0030512232313,0.00809920044568,0.218198488118,0.000844309994345,0.000444495207994,0.496319389635,0.00862349364895
rzH3NU9teI9WVKt-hBsJjg	dWrsoRZSOfbwvdwXGI_5RA	4	1	0.00634542957032,0.497647641091,0.00246830563715,0.00148640626459,0.00278492537014,0.002943905042,0.0189039716593,0.000313332582055,0.465995728807,0.00111035397698
rzH3NU9teI9WVKt-hBsJjg	83zqgCH5V0if3X0L_DVgug	4	1	0.00407382592341,0.182878868237,0.063063802977,0.0524416017942,0.024750888732,0.147435515647,0.0134418167908,0.00123469655429,0.334536732314,0.176142251031
rzH3NU9teI9WVKt-hBsJjg	ZqsuI9ytbQpxTFuaaWRJ7g	5	1	0.00214381271194,0.522520734305,0.00488893016753,0.00375553352793,0.0602311094631,0.0241983062142,4.81673035044e-05,0.000426646132377,0.0439599740586,0.337826786116
rzH3NU9teI9WVKt-hBsJjg	w3K0UQHHT8Oht5eTSIAc4Q	5	1	0.00960787157737,0.0738175284191,0.0759042164637,0.0503457057698,0.0647282687554,0.0659932164484,0.0576570416654,0.00374059759133,0.535776146164,0.0624294071454
rzH3NU9teI9WVKt-hBsJjg	OHlNjcJko1RYE2Ihv7sOMQ	4	1	0.00229163619191,0.128738047006,0.0579484176444,0.0168926835817,0.269173526071,0.161092455704,0.00282657040845,0.00519686648849,0.251477009097,0.104362787808
rzH3NU9teI9WVKt-hBsJjg	JVilswhH4byPVom0nm5EyA	5	1	1.75148688333e-05,0.669819252707,0.0206410648027,0.00226396320851,0.0309329670185,0.0756960057031,4.81673035044e-05,0.0163541435388,0.158315069625,0.0259118512241
rzH3NU9teI9WVKt-hBsJjg	Ok3gtOMPTiKJ7KxUI5wsYQ	4	1	3.50297376667e-05,0.993979086697,0.0008812437138,0.000349940418455,0.000868616044034,0.000523764023468,9.63346070089e-05,6.2349490416e-05,0.00208499450631,0.00111864076232
rzH3NU9teI9WVKt-hBsJjg	23_X-_T1sGU54pXr4iIEag	4	1	1.75148688333e-05,0.895885654967,0.0193138622135,0.000174970209227,0.000731705530441,0.00994662271548,4.81673035044e-05,3.1174745208e-05,0.0156286078365,0.05822171961
rzH3NU9teI9WVKt-hBsJjg	vgRqol2shgiXsD9_1ZDxIQ	5	1	0.00569135804686,0.498166146741,0.00044412355888,0.000174970209227,0.000498121756197,0.00128748928787,0.0181183508989,3.1174745208e-05,0.474971306184,0.000616958571475
rzH3NU9teI9WVKt-hBsJjg	xGkgSpo-PHONO9wIpTcQ4w	5	1	0.00849592740972,0.337525881419,0.0160100126497,0.00424561801852,0.0148374287917,0.00417152424317,0.0434857333466,0.000713212775251,0.562370550055,0.00814411129157
rzH3NU9teI9WVKt-hBsJjg	_9uvL80xzBxDjWzFM7Da5g	4	1	0.0039497883343,0.0808636332534,0.0702108990722,0.0248428527259,0.166861534152,0.178372690728,0.0160806154247,0.00646617510551,0.334608840373,0.117742970831
rzH3NU9teI9WVKt-hBsJjg	04-E5-69Se-vW8heDXI_gA	4	1	0.0290511203358,0.0885876886048,0.0394024930553,0.0156632353461,0.0272396609747,0.163289093624,0.0201658249351,0.00268987207019,0.568878228861,0.0450327821923
rzH3NU9teI9WVKt-hBsJjg	zq815p7o2OM1kNHG8OdobA	1	1	0.00299465682242,0.0776821801605,0.092760889193,0.0376424846033,0.149804533035,0.150245239762,0.0160138439431,0.0047562850457,0.176096433485,0.29200345395
rzH3NU9teI9WVKt-hBsJjg	u9dF_geYBuAWO8pxJ2puHQ	5	1	3.50297376667e-05,0.993979086697,0.0008812437138,0.000349940418455,0.000868616044034,0.000523764023468,9.63346070089e-05,6.2349490416e-05,0.00208499450631,0.00111864076232
rzH3NU9teI9WVKt-hBsJjg	DJhCX7TvKetUR8aBYZAT_g	5	1	0.00156293936204,0.111112333775,0.0666477334572,0.0402003868232,0.073442558005,0.350915750356,0.00338270106364,0.0114954816807,0.114695219662,0.226544895816
rzH3NU9teI9WVKt-hBsJjg	se3OZ6AyYO-w-Kts0XUKxQ	5	1	3.50297376667e-05,0.993979086697,0.0008812437138,0.000349940418455,0.000868616044034,0.000523764023468,9.63346070089e-05,6.2349490416e-05,0.00208499450631,0.00111864076232
rzH3NU9teI9WVKt-hBsJjg	y_hFQ7wyFFnodoMZ2quw5Q	4	1	0.00260753452978,0.247118422689,0.044837950259,0.0304202502779,0.0604669446458,0.213853591163,0.00380915207158,0.00366180528166,0.244043357024,0.149180992057
rzH3NU9teI9WVKt-hBsJjg	BUsBE6NeqGbT5jXJ3VESJg	5	1	3.50297376667e-05,0.993979086697,0.0008812437138,0.000349940418455,0.000868616044034,0.000523764023468,9.63346070089e-05,6.2349490416e-05,0.00208499450631,0.00111864076232
rzH3NU9teI9WVKt-hBsJjg	Dxhyi5b0obJZurIxrpTCVQ	4	1	0.0548052261277,0.165934721254,0.021683090498,0.00517022934124,0.0918508243435,0.0109976174759,0.0138584881287,0.00107588962864,0.617895133747,0.0167287794547
rzH3NU9teI9WVKt-hBsJjg	-FqXwGg8isV0ap9U1q7p6g	1	1	0.00143139877125,0.229681379027,0.0321305269925,0.0116191757121,0.0710911686929,0.201958480864,0.00758872709339,0.00103073683889,0.184735169335,0.258733236673
rzH3NU9teI9WVKt-hBsJjg	uhw4jPdmMBqJXHg5KvLJww	2	1	0.00248635829513,0.190458759831,0.0473871355695,0.0355056136333,0.0502522781978,0.112727602306,0.0035347999036,0.00324862113651,0.267131033199,0.287267797927
rzH3NU9teI9WVKt-hBsJjg	LfuFdiS5V4z_SdH7TX34CA	1	1	3.50297376667e-05,0.993979086697,0.0008812437138,0.000349940418455,0.000868616044034,0.000523764023468,9.63346070089e-05,6.2349490416e-05,0.00208499450631,0.00111864076232
rzH3NU9teI9WVKt-hBsJjg	dPjYfacluGoHiCRjDmIIlA	5	1	0.00205461111786,0.250550516595,0.0470111298632,0.0431246067859,0.1494694224,0.135267898402,0.00518453647649,0.011119679009,0.185601479184,0.170616120166
rzH3NU9teI9WVKt-hBsJjg	hd4E2wcaEQ2kKDnGIjbhFw	5	1	0.00169334358751,0.208477440448,0.0885777845646,0.0354307063162,0.0295531376761,0.441497951005,0.00213428379193,0.00664362075975,0.0808944830376,0.105097248813
rzH3NU9teI9WVKt-hBsJjg	H4RbPWQUAMSfo4zrw55dKw	5	1	0.000729750656537,0.483709021473,0.0372641581006,0.0280789020507,0.0666231087719,0.0272946424543,0.000383712617141,0.00519717280589,0.0693430024753,0.281376528594
rzH3NU9teI9WVKt-hBsJjg	k23Uo-4EVB4xFLqUNckNbw	4	1	0.00445711815862,0.0944056080197,0.115339790603,0.0748554551895,0.106821625605,0.112846017671,0.0115779209117,0.00348460918944,0.303202047775,0.173009806877
rzH3NU9teI9WVKt-hBsJjg	Bjr1R8WNLgMrf8fa3u3Dxw	4	1	0.00256294611588,0.2592683921,0.0463940045596,0.0262145851079,0.0862317605462,0.0770369544785,0.0205212244593,0.00797618435787,0.162923052738,0.310870895537
rzH3NU9teI9WVKt-hBsJjg	s7_H57sW8Wb1enDJhbVffw	5	1	3.50297376667e-05,0.993979086697,0.0008812437138,0.000349940418455,0.000868616044034,0.000523764023468,9.63346070089e-05,6.2349490416e-05,0.00208499450631,0.00111864076232
rzH3NU9teI9WVKt-hBsJjg	SRR22GB1nxTEI41_A1qK1w	4	1	0.000408319208197,0.337858539751,0.348246382149,0.00385353188907,0.252157470378,0.00791193111239,0.000687234556426,0.000648147773701,0.0296491472891,0.0185792958936
rzH3NU9teI9WVKt-hBsJjg	vR5ZK9AtwSY9YIsG-jLYBw	5	1	0.00212664885551,0.424402791937,0.0760816434926,0.0268504146092,0.0749441540465,0.0880334774626,0.00341997299473,0.00830520752078,0.215418093568,0.0804175955133
rzH3NU9teI9WVKt-hBsJjg	ANEH8yVbkxhwgilzKnu4ug	5	1	0.00174963326358,0.267081697832,0.0473201198496,0.253119932376,0.0311041543057,0.0155779253414,0.000806788862821,0.00102406541704,0.214276445821,0.16793923693
rzH3NU9teI9WVKt-hBsJjg	x39V93vo7fSJnxiwxZ-YdQ	5	1	0.000567872624177,0.505734551155,0.0073355424596,0.370945060671,0.0419202662379,0.0109181966308,0.00369109833369,0.000993782021018,0.0343323455662,0.0235612843014
rzH3NU9teI9WVKt-hBsJjg	-o4h6R65vlJaTBrfxOEYCA	5	1	0.0037376080697,0.498820496193,0.00411064142561,0.00125421012963,0.00457654942022,0.00247012959901,0.00040168210316,0.000152565872114,0.481789676098,0.00268644109011
rzH3NU9teI9WVKt-hBsJjg	FIyqKXw2qH9QdDHsR0AEwg	4	1	0.00390606492316,0.590024348887,0.269402609167,0.00225948781189,0.00281979136749,0.0144066839731,4.81673035044e-05,0.000386776369179,0.0962408877915,0.0205051824061
rzH3NU9teI9WVKt-hBsJjg	t3Db5XLZEPscxzXBoD70lg	5	1	0.000667883033498,0.503176345038,0.0125791618432,0.00980718177487,0.0206467233666,0.00979271379007,0.0020335267579,0.00108856718266,0.0217192678196,0.418488629394
rzH3NU9teI9WVKt-hBsJjg	_xQTWG2yudpfnVIN8ZqsCw	4	1	0.000668532668887,0.210691931827,0.0437307663931,0.382239481001,0.0438917314071,0.228760800361,0.00294811596437,0.000290677455494,0.0619367405487,0.0248412223737
rzH3NU9teI9WVKt-hBsJjg	Va-MEqffAp5YOHFciwBkUw	5	1	0.00166902137392,0.274642510629,0.0749846594122,0.169689428959,0.0387285460989,0.177216722282,0.00466803534982,0.0051401739547,0.0862195141311,0.16704138781
rzH3NU9teI9WVKt-hBsJjg	xTovmkZx-EivsEhlLcXA8Q	4	1	0.000480184019056,0.33999448055,0.0181541989055,0.00680478962425,0.0135959492115,0.234423807714,0.00209331072447,0.00193127324967,0.0258692597942,0.356652746208
rzH3NU9teI9WVKt-hBsJjg	ncZxFHnFa9c_9Y33bVzKLg	5	1	0.000694697213079,0.375310124356,0.044506853491,0.00349024887778,0.0276070350901,0.404342100614,0.0104719478816,0.00229570180923,0.084081026788,0.0472002638793
rzH3NU9teI9WVKt-hBsJjg	hHNp7ED-ZV1VVqCIXoAQ0Q	3	1	3.50297376667e-05,0.993979086697,0.0008812437138,0.000349940418455,0.000868616044034,0.000523764023468,9.63346070089e-05,6.2349490416e-05,0.00208499450631,0.00111864076232
rzH3NU9teI9WVKt-hBsJjg	c14YxDzwCVnCyj6os4R21Q	5	1	3.50297376667e-05,0.993979086697,0.0008812437138,0.000349940418455,0.000868616044034,0.000523764023468,9.63346070089e-05,6.2349490416e-05,0.00208499450631,0.00111864076232
rzH3NU9teI9WVKt-hBsJjg	ZHWg4a30m7o7QJd51eTI8w	4	1	3.50297376667e-05,0.993979086697,0.0008812437138,0.000349940418455,0.000868616044034,0.000523764023468,9.63346070089e-05,6.2349490416e-05,0.00208499450631,0.00111864076232
rzH3NU9teI9WVKt-hBsJjg	UHeQUCvkGBN-6UYmFYHxcA	5	1	0.000816082083819,0.51666816872,0.0428108977899,0.019372742006,0.0249259452325,0.302396726589,0.00289723675395,0.00385705561989,0.0600044314775,0.0262507137274
rzH3NU9teI9WVKt-hBsJjg	pjIrFFjl03twCAaQMJQxwQ	5	1	0.0265795095957,0.10224759023,0.122951665752,0.057113206853,0.0629298951549,0.142270662255,0.0077589867439,0.0218653567488,0.281731055527,0.17455207114
rzH3NU9teI9WVKt-hBsJjg	HleMXet__Xnwgjv8kbw4hA	4	1	3.50297376667e-05,0.993979086697,0.0008812437138,0.000349940418455,0.000868616044034,0.000523764023468,9.63346070089e-05,6.2349490416e-05,0.00208499450631,0.00111864076232
rzH3NU9teI9WVKt-hBsJjg	XOnwygK-EerILmQSxP2K6Q	4	1	0.00484813418557,0.0982516602498,0.0592394901917,0.021795805472,0.135151581211,0.14779538786,0.0110108253234,0.0165202220436,0.360186723392,0.145200170071
