nsyCMWeCk32GDVCXNd49jA 0.0 3.06167588672e-05 0.00090531922907 0.00014706434367 0.0 0.0 0.0 0.996828878025 0.00167172900872 0.000416392634496
ySDaa9R7_9WeYPt__hWEQQ 0.00744018640173 0.00366190568864 0.00734003913742 0.00215847984081 0.00828448279641 0.00441649517456 0.000707029599311 0.000242782253811 0.961494357689 0.0042542414179
l3iFib1LzJeRjcjnGaLaFQ 0.0127481165023 0.0268743037325 0.0707697625598 0.0139671972483 0.0477024021738 0.0281240776846 0.00527662377901 0.00276607947498 0.744680969431 0.0470904674133
hHGIm37W8oi__c_WbnA9kw 0.000289543222947 0.86445699645 0.0205370309142 0.00693512248999 0.00631679385238 0.0189171303941 0.000252595255566 0.000178706807744 0.0297118902118 0.0524041904008
kQzwR5H2wALJKnKH_oItXw 0.00338421447832 0.0536436459852 0.0827929097634 0.0257993870274 0.027427963734 0.0809298148942 0.065017743079 9.70035382295e-05 0.185708946563 0.475198370937
n_6EPvpddHQY9fWYF66mFA 0.000130706091253 0.487201603417 0.00046955654572 0.0 5.15589335976e-06 0.50806611758 0.0 6.01430751151e-06 0.00374270736184 0.000378138803112
n2WGQ8K7nmyhIVdIj2nBJA 0.000836517719694 0.0113496298343 0.055354400588 0.252446601453 0.0366632545567 0.0351853535575 0.126217439763 0.00526651162175 0.070840940966 0.40583934994
nAOfxR7UpycQ1yFYl-nJNw 0.0245665586688 0.000481588507048 0.00018966472881 0.000854224677718 0.000169159075329 0.00129601139597 0.0175549075833 0.00113521915407 0.948537833707 0.00521483250188
-BQVi1yLYWY7cZhqtyJfTQ 7.65722429743e-06 0.000118058879538 0.000472875028052 0.00015438606091 0.000252523874285 0.000202957116506 6.58600760181e-05 7.69419638641e-05 0.000345621720567 0.998303118056
01LvSAroHiwTPJJPMKHg8Q 0.0110400897501 0.0158138803731 0.0368508738677 0.0083632690523 0.0397899649543 0.0147846543818 0.0167486031852 0.00138730488424 0.827242428006 0.0279789315456
EMH-bUccmI9_CCRfFnV6YA 7.24487500115e-05 0.0 0.0 1.26510784442e-05 0.996386976 0.000177156419158 0.0 0.0 0.00333579742603 1.49703268117e-05
scZY3WOmttqkVN3Lkr9_fw 0.00221194731684 0.030569493503 0.285272827264 0.0574356956258 0.0500040721406 0.337271463296 0.00530253116303 0.00557633347096 0.0924144530281 0.133941183192
wGNLuG-semTyaQVFbK7A2g 0.00130409398381 0.025007651899 0.0513875783449 0.0528949706695 0.0886730548294 0.263895482384 0.00317127982681 0.00475395808498 0.158761411077 0.350150518901
mZsGU471CBa3W1Ymj85oSg 0.00075622758078 0.00966477123477 0.0306189095369 0.0172948488422 0.0116166223643 0.833387956807 0.000220114593642 0.00381748661451 0.0456901976337 0.0469328647927
5cKPD4D6wrzjrLpIW3BetA 0.00245890493365 0.0848772540246 0.231902727559 0.0564162340572 0.0698585026551 0.115849571853 0.0164409392266 0.0220274169358 0.272671917065 0.127496531689
5ArAPSyZwoax8U1LfhxeFg 0.0175154897378 0.0122077485416 2.76148344963e-05 2.38802354056e-05 0.0327785943363 0.00126942235278 0.000119275367755 2.03991880256e-05 0.935986976394 5.05990113628e-05
XQHmK_sgGJylCn22xaBISQ 0.00163290149557 0.0197630788312 0.0584242135175 0.030840068063 0.0629421642351 0.657480764819 0.00577694147999 0.00196759360573 0.10661523184 0.0545570421132
BD4uvQHEmwGRK_zHF7fcFA 0.00259176905372 0.0358588687486 0.0905688995114 0.0566585035132 0.065378309221 0.524448744126 0.00299882409294 0.0158252541873 0.136571152828 0.0690996747176
VDDuzKHl5M6h4ZjnxYKIpQ 0.00110763183665 0.0120866511256 0.0352088632238 0.0124258610045 0.603825899042 0.202372260265 0.0273774856618 0.00394660767907 0.057962105094 0.0436866350677
OXWWC30x-1Ee0B6hXLLZfw 0.0159995717445 0.00848641100448 0.0364875646189 0.00641508570386 0.0240532830827 0.0154179478407 0.0306807503021 0.00117856826225 0.832929565131 0.0283512523091
oxXOvyCi5122MyhUOgbUcw 0.00082687548862 0.00401388573331 0.0251796965167 0.0193996927523 0.0269114642528 0.00363687545464 0.00029147669334 0.864591844103 0.0259198534306 0.0292283355742
MF6K6_OYDWIazLxRHVmZ3Q 0.00913290044824 0.24621472588 0.00635273498134 0.00649534105792 0.031794202465 0.00694920584555 0.0217140082525 0.000891355858612 0.658951142715 0.0115043824956
YkCu4X8XPPUt9UyevG7-rw 0.0175154897378 0.0122077485416 2.76148344963e-05 2.38802354056e-05 0.0327785943363 0.00126942235278 0.000119275367755 2.03991880256e-05 0.935986976394 5.05990113628e-05
hMUQG4aiSqLIbYbJDb_dHw 0.00755916242467 0.0382295782188 0.0972384503195 0.177994717375 0.0600122416687 0.043432431973 0.00922966943889 0.0059397774082 0.423548202414 0.136815768759
BSI42r_Q2NmDeYU-rf12nA 0.00156777068957 0.0365727487519 0.0152467125225 0.00560318554664 0.00917031841547 0.326386444715 0.0253081223513 0.00609775223613 0.0477566094346 0.526290335337
R7a7l_vthilWUndNU4gAeQ 0.0130000889578 0.00502787291128 0.00823628385884 0.00209450832881 0.00384193838239 0.00631268182455 0.0177354992693 0.000138531300462 0.935958767906 0.00765382726035
bplqtgFAYJk_ulG3cR4jww 0.00197015906391 0.0318847070177 0.0717676484842 0.0203034877615 0.0610644618068 0.0465018409199 0.00313082084427 0.00403391217774 0.117578814416 0.641764147508
bILKQuls9XyCmUgXU-25iQ 0.0112951238098 0.0067424721553 0.0148338626525 0.00439930734688 0.277932703876 0.00996211431182 0.015078856367 0.000450063336253 0.353658820188 0.305646675956
MQZLaxOPmqTaPTFkpraBVw 0.00197015906391 0.0318847070177 0.0717676484842 0.0203034877615 0.0610644618068 0.0465018409199 0.00313082084427 0.00403391217774 0.117578814416 0.641764147508
nYfpquFWxQC342RenTI3rA 0.00251311631147 0.052335038108 0.0939592852544 0.149581236841 0.0752605864791 0.0628307473031 0.00402146210269 0.00593583017975 0.138381302938 0.415181394483
YY-L7H3OOgl3ngtpu9W56g 0.011567064436 0.00448257508328 0.012624025837 0.00133786825815 0.0117006784708 0.00636970202048 0.0348442220724 0.000298800890304 0.909388768088 0.00738629484382
_WNQMUUxenIkyN6CWF0VVQ 0.000154254840271 0.00396823518007 0.00123309795454 0.00239694651839 0.00356934730808 0.976930208695 0.0010107033926 0.000542555247576 0.00863170251789 0.00156294834589
nVBa_xC77arkOueXZWWvTQ 0.00240300090905 0.0467162926454 0.139575203058 0.100326711358 0.142914125261 0.0729116165612 0.000653963027992 0.263311064126 0.126765594836 0.104422428218
y0TmLpqUqanoZwKEji17Tw 0.00245879710569 0.0280195376216 0.0877713088812 0.0267084015514 0.0472031304569 0.595140387767 0.000408916534953 0.00822969497407 0.126387352385 0.0776724727215
IAZ-Xm2tkO14YbzeCwritg 0.00219910155502 0.030139056449 0.0441597381027 0.0196929479976 0.062424161667 0.367480132691 0.0061810240718 0.00583043954444 0.119051453629 0.342841944293
BW9X1D7eIFt-sHrWItRPYQ 7.4713482399e-05 0.000908865114613 0.00506687231535 0.00121267587825 0.00165551435429 0.00671008236943 0.0 0.0 0.00918654403798 0.975184732448
mi5rfS-KL93irsMlSb35HQ 0.0127481165023 0.0268743037325 0.0707697625598 0.0139671972483 0.0477024021738 0.0281240776846 0.00527662377901 0.00276607947498 0.744680969431 0.0470904674133
GmygGVGReeD-Zrh73QTyKg 0.0 3.77894581519e-05 2.44324524403e-05 5.38186406926e-05 1.20089402745e-05 0.999735666223 0.0 4.41026414206e-08 0.00011349481638 2.2745366825e-05
6-qGIOusBv2e8vVLfD9EwQ 0.00163290149557 0.0197630788312 0.0584242135175 0.030840068063 0.0629421642351 0.657480764819 0.00577694147999 0.00196759360573 0.10661523184 0.0545570421132
ZvxB_8qUClYq6BoEmix9zw 0.00095166836633 0.0207177238333 0.0424058907813 0.0154924543735 0.0536688810581 0.757288782856 0.00621232738601 0.00329621280481 0.0549912926477 0.044974765893
PTutzBEELbLcx74uLdJx2w 0.00952346565 0.0288057443128 0.0469885387073 0.0747906184205 0.0377637730872 0.0315648778205 0.00201073105134 0.00296791508987 0.557949324607 0.207635011254
sQKLNLncoYIumyCOqH8y3Q 0.00141814970436 0.0269073105429 0.0337696492677 0.0373964557238 0.0581502332449 0.628253107282 0.00907952344672 0.00706548673093 0.140749996469 0.0572100875879
DJhCX7TvKetUR8aBYZAT_g 0.00156293936204 0.111112333775 0.0666477334572 0.0402003868232 0.073442558005 0.350915750356 0.00338270106364 0.0114954816807 0.114695219662 0.226544895816
8A8wyMRO82vSxLlzoRwA1w 0.00111975689122 0.0148201660164 0.0253120125602 0.00719831436623 0.0494066951391 0.793794999763 0.00730080026752 0.00249531303624 0.0450611173712 0.0534908245885
-ou7_RMdYJmEXl7wmzlrXw 0.00622368850673 0.146900999767 0.00658179045496 0.000413029972097 0.00885254172672 0.0152089775608 0.122577552072 0.0213103326873 0.124644633881 0.547286453371
LeXaCH_ocBLCQnpfmb_y8Q 0.00236502664974 0.135954779494 0.0704027384461 0.0409388099198 0.158357147714 0.0537497581261 0.000934288219146 0.00240926877376 0.344841250344 0.190046932314
pXgqCEOLpJ8AOqp02Ip0bQ 0.00254262587005 0.111684264109 0.0731786287555 0.0301273919921 0.0731157323959 0.325186521619 0.00113874648662 0.00620210373974 0.310134168724 0.0666898163085
e4yeMR57aMBvEIdCuIPFzA 0.0 0.0 0.00484351106263 0.244226544588 0.50577360831 0.0606927109938 0.0 0.0 0.112660956394 0.0718026686513
IaJJA6ZvKg2mK2MW9OlLcQ 0.0 0.0 0.0245178204554 0.00305990432253 0.0404066072518 0.0160297600737 0.240021942544 0.0 0.0562279150713 0.619736050281
JgHGyWS2emyHq6aq144SLQ 0.00267325582261 0.0912558915136 0.0720801057643 0.125633995529 0.114552656765 0.21350758051 0.00756344418636 0.0258229719134 0.169644045309 0.177266052687
o2QeEIVsUG1El7L9GbNnUA 0.00167958621395 0.0333664914075 0.060425001637 0.054656026781 0.0505647916727 0.356986213166 0.00431421220031 0.00497465423647 0.0992663506914 0.333766671993
VO4eCh5lDE3tFZj9otW14A 0.000706570882555 0.794660494553 0.0353978500927 0.0132416845309 0.0374008794643 0.0340670358746 0.0 0.00423243719207 0.0576677749574 0.0226252724522
zSiB7ekwYQlDayFmhP7d4Q 0.0204051951853 0.000307255831448 1.75822686649e-05 0.0 4.15490832221e-06 0.000543824582207 0.0 3.16553823297e-06 0.978597352283 0.000121469402541
Z9EaeQJxR-7Y_JyfV5o_iQ 0.00544775080152 0.105617262806 0.0995874313272 0.0631373950797 0.175757838143 0.0785966521416 0.00118953922033 0.0210790388237 0.34249985825 0.107087233407
RgU9DXE_989GVO9B_xs5qw 0.00135844566059 0.0270887083798 0.0550262822131 0.0227969289799 0.04919498478 0.699032344459 0.0064994695842 0.0050735373928 0.08149249291 0.0524368056405
amo_czeSQhIjGhGaFSrOYQ 0.0 0.556776069918 0.05656423913 0.0 0.195657251636 0.0211444141158 0.0 0.000134645954747 0.120366180427 0.0493571988178
iKOFm4VjkXm1UOyRp00xnw 0.00116627955393 0.0106320615947 0.020023418552 0.0135269833289 0.0202500412037 0.85023417425 0.00292362045615 4.82333186868e-05 0.0320397985862 0.0491553891556
hRflciflE77Ekmg5gGNwiQ 0.00192647896974 0.039877699631 0.119099258009 0.0355297979871 0.477565228747 0.0639182710846 0.000449263699448 0.0143239105448 0.153716562841 0.0935935284862
7KFgqnnmTOirHuJIhthCnQ 0.0 0.336608430525 0.0313363465458 0.0205865275188 0.00930861820515 0.0282614711889 0.00645523346023 0.00729256499187 0.0366579317254 0.523492875839
2ayLhow5OfzZQ2cf-EEjvw 7.85962005149e-05 0.000702510857331 0.00228580664115 0.000740654556949 0.987654558199 0.0010342026927 0.000134599100721 0.000132543054732 0.0053165373066 0.00191999139072
YkSmY_-vm1xovuIL524czQ 0.00251311631147 0.052335038108 0.0939592852544 0.149581236841 0.0752605864791 0.0628307473031 0.00402146210269 0.00593583017975 0.138381302938 0.415181394483
cJiOqT4O_ACqyGbaL3lnRw 0.0 0.896796405235 0.00111869269529 0.00870012144756 0.00470122308917 0.0270696626286 0.0 0.00384865815114 0.0466036240235 0.0111616127298
OJSxeaDpGv74qOkK9HQCfA 0.000912497760406 0.0160896779481 0.0362611902677 0.0309077538387 0.0277133048962 0.586928751392 0.00263114517315 0.00205543888334 0.0512731157169 0.245227124123
Y7hFy8xjI0UcLWWc3ZvuKQ 0.0 0.141289211092 0.00132979529807 0.0055540988202 0.00415628871361 0.842068822153 0.0 0.00244670242356 0.000835121310024 0.00231996018928
OyO6hdMhevuxAl2sMgsvnw 0.131644641631 0.0213251335596 0.0480228620795 0.0361870438478 0.0758365624895 0.198824773412 0.0069603055107 0.000688069134134 0.191771195803 0.288739412533
EvZ6bCjIRjMbQTG1sxgN_A 0.0051484408017 9.13302234369e-05 3.01626851114e-06 1.63481005421e-06 0.000757153821816 3.85854515519e-05 0.00350339572772 0.0 0.489702765344 0.500753677551
4JaS8Kemp9NvmWa3KEvJfg 0.0036342141891 0.0837317668097 0.152822863689 0.0974045353198 0.0904894644096 0.146855148176 0.00855719129895 0.0250586001336 0.208893774267 0.182552441707
ZnnAgfgbfogDqs9r5IXrkg 0.0149451122142 0.00687126688956 0.0177104082649 0.003898799277 0.0408029161653 0.00557914215715 0.0521405682038 1.540562986e-05 0.856233412378 0.00180296882065
4vTgEFmjwO0pfxnSOb5DlA 0.0 0.960918207684 0.00970306492162 2.92312994748e-05 0.0214602079715 0.00154534762301 0.0 0.0 0.006086924749 0.000257015751448
GgewWndZpqVSHVEQt5dF0A 0.0 0.977297895537 0.000491318260415 8.31730008648e-05 2.08214722591e-06 0.00203138774147 0.0 0.0 0.0199596620557 0.000134481257149
Njv98rbrh7G4nBBNApHUNA 0.0 0.0766552072778 0.196093942769 0.000201761659024 0.00481735088287 0.282470350481 0.0 0.00183933487152 0.217990714091 0.219931337968
7wxmKE0RbxsTNfdr3p6tfw 0.00024540075682 0.00292888615079 0.0163920387906 0.0882356061619 0.500129177761 0.00291055021258 0.0 0.00184418938474 0.00373118693276 0.383582963849
emkrlkr6bwaZtj7IhYjVUA 0.0 0.178909500449 0.00645166602674 0.00215812284861 0.000444824006679 0.808592009964 0.0 0.000959539659623 0.000763587370019 0.00172074967594
PBv4Ugg2LW6Xtldy1cAqCA 0.00677844447118 0.0207702704868 0.0380092959444 0.0119981345081 0.0323504056746 0.280281587906 0.00205281208613 0.00282370314137 0.366196747437 0.238738598344
x7X6NWDXqDyit6RG5o7hrw 0.00157668938325 0.0196002063004 0.24876314736 0.171261459939 0.0895530675049 0.0791899397589 0.00173927376425 0.020241348848 0.121962003792 0.246112863349
sLAdpoSFGA1lm8_7nJ7Rsw 0.00210359866506 0.0765605683917 0.0822195282624 0.0483312374068 0.217685961093 0.0522668607819 0.0 0.000644025042091 0.195801515625 0.324386704733
LEude0NN87z8F9x_yaQXRQ 1.36596689225e-05 0.000167994114556 2.53891408441e-05 0.000153740803786 8.90316061921e-05 0.00016478308161 3.33429937313e-06 0.998531902376 0.000315522269247 0.000534642639938
NIqZLXL6p-pVcT9Akt-hhQ 0.0 0.345659418718 0.0404008858915 0.00417798599857 0.0609973179929 0.150868247383 0.0 0.0326459375872 0.314545144743 0.0507050616858
mIB0nah-cfXsDYOVyRC-xg 1.10427760624e-05 0.000160525666396 0.000365156629092 0.997568402512 0.000187441311034 0.000344495362569 3.85395489935e-06 6.61833075757e-05 0.000731334000345 0.000561564479837
gRBxY154KUzc7T30tOLgiA 0.00677020682017 0.0477959430778 0.0988382941367 0.118303469053 0.0443535573618 0.036193075529 0.0118148855984 0.0410866517149 0.337953104569 0.256890812139
5B0AuqekUq7OEU4UUjmnhQ 0.00648375170876 0.00672596746987 0.0686779056953 0.0168971025396 0.0275382887244 0.0166322937892 0.0100361436712 0.269944551485 0.295971010566 0.281092984351
FmGhg6UC3R_QMD6cbNsJrA 0.518133428856 0.00248601392412 0.00453438604707 0.00141259176628 0.00731536913711 0.00254553573597 0.00494989796489 0.000498887566885 0.454980982007 0.00314290699428
cD9qmKcysqI31o8I40KxFw 1.18992026507e-06 5.22276755888e-05 0.000100377543316 4.86187965484e-07 7.9615049961e-05 0.99962423732 0.0 4.41219018136e-08 0.000134108052527 7.71412891549e-06
pqEyHc7q88jo6M0D0VqdFQ 0.000260263741773 0.449096740262 0.0146663638986 0.100863621217 0.0780755192514 0.0312327165693 0.00170593367283 0.00127122225309 0.131191550436 0.191636068697
CCn12TdMspaPt6TwvXWCXg 0.00262645463441 0.195348990596 0.0585859486298 0.0335463824328 0.0990283343349 0.0552326554704 0.00186857643829 0.00417451250542 0.493880985063 0.0557071598955
n2iRomjKFqqLFzYa7OgkDQ 0.00471095209875 0.0174063942927 0.0347471200515 0.0113933081684 0.312525339841 0.182643665318 0.0190160372567 0.0035669712703 0.369089880467 0.0449003312356
koq3FTM6HzXgLQAxP5W5kw 0.0145314978636 0.00961819108413 0.0203403974017 3.65604612045e-05 0.00708257756623 0.00358231634915 0.0729333361731 3.52347195851e-05 0.848891495571 0.0229483928098
I9PbYW0eOXd1iKKr-bgeDA 0.106388559212 0.103686242671 0.0218890892179 0.033123399107 0.205636008655 0.107635808779 0.0163474312911 0.0017769642753 0.312397789186 0.0911187076057
_xQTWG2yudpfnVIN8ZqsCw 0.000668532668887 0.210691931827 0.0437307663931 0.382239481001 0.0438917314071 0.228760800361 0.00294811596437 0.000290677455494 0.0619367405487 0.0248412223737
GsAglbf1Q-k01XOVmxP7AQ 0.00551490536676 0.0987266830314 0.0174842265781 0.0089206090709 0.0298958880468 0.00917285079618 0.0187472341746 0.000719343409495 0.531487323172 0.279330936354
CwRJTs41Iyq7VHtjZKpbrw 0.0 0.966035071964 0.000105560289013 0.0 0.000176486744997 0.00356818913054 0.0 3.59556024408e-05 0.0298327889307 0.000245947338284
-EOdklqtLMFzn2DKOlLaZg 0.00505181059723 0.000647852240313 0.00149035358934 0.000268430241059 0.492299866611 0.00109045330223 0.000219383977714 2.33005200803e-06 0.498137196599 0.000792322790156
1cdH4grz0wQRb5VmmcdIlw 0.00251311631147 0.052335038108 0.0939592852544 0.149581236841 0.0752605864791 0.0628307473031 0.00402146210269 0.00593583017975 0.138381302938 0.415181394483
q60hY-HYTRSbyzBDedpFcA 0.0014055223195 0.0246285918685 0.0534793380464 0.0190957210124 0.0399189125738 0.702585525229 0.0061835975664 0.00457108733937 0.0750014814147 0.0731302226295
Pt9jWh6tYhA2YZhqt5oFAA 0.00735909899375 0.0564836311904 0.115588358676 0.0614130833459 0.114219071063 0.12903215618 0.00117446199596 0.0161411280034 0.274138477586 0.224450532965
Aha3myLLFKh5gHYz9R_fVw 0.00477771508241 0.0319762902324 0.192106850085 0.0596662619444 0.158118537749 0.0878583841506 0.0176314304238 0.035055403299 0.22716524816 0.185643878873
gSFgobrcWQ9UB-5NAXG1zw 0.00214126319381 0.025295433118 0.125521526044 0.0410059810958 0.106377349463 0.484353317749 0.000211100474731 0.000285693815973 0.141397009593 0.0734113254519
Qlj-6eVV-tKWSPZ-JQFVVQ 0.00127814300444 0.223855871085 0.0538293645786 0.0190037242076 0.0446576805232 0.279296577205 0.00416193653636 0.00391851747307 0.0698177451397 0.300180440247
nWes18Ix6JH19anyNDl7tw 0.000783579841442 0.0266152816501 0.0594997690024 0.0237865943807 0.0579310669772 0.720782565949 0.00512385450449 0.00409711257338 0.0649214679241 0.0364587071974
HoNjiUbCV5nwAK7Rtc5P1Q 0.0154067546081 0.000704921047321 1.76529847336e-05 3.22351833564e-05 0.0103340710124 0.000417564748214 0.0368544380177 0.0 0.933145148955 0.00308721344344
dPYiwCNKSV4OFOvc8-hZAw 0.00112865976203 0.256785804954 0.11819296018 0.0159644596582 0.381776179919 0.0337176013933 0.000426850105345 0.0199952653768 0.134930736333 0.037081482318
e-EZ2-SO376Fqk2LrB1Q6Q 0.0 0.00871336575033 0.000358796362319 0.918781502822 0.0190474457912 0.00832372676693 0.00681677091113 0.000180645832202 0.0314603900494 0.00631735571408
tFsfSNpIRX6PMIPMf-flQw 0.00265184417163 0.118112774887 0.067033895631 0.0242728400801 0.0922170155292 0.0512896032489 0.00463993573478 0.00441419997522 0.308742608865 0.326625281877
-Ik6ZXc1IX0Ojlf4Axgw5A 0.000225013573649 0.200113145887 0.50552426112 0.0381070883986 0.0178190560652 0.11362331309 3.87908838607e-05 0.0146892284381 0.0568841171215 0.0529759854215
SnuNw98i3-gQPsRLlmYWsw 0.0215536636176 0.0013870197001 0.00397740471472 0.000712742954458 0.00804929575714 0.002767521854 0.013087460657 6.55608250842e-06 0.946750958931 0.00170737573162
dXLWFx3KH_OPkK5HJjwNZQ 0.0133642175972 0.00400860172243 0.00994687659207 0.0013237630957 0.0107951575872 0.00446283227381 0.0365124455225 0.000298096247391 0.912177958371 0.00711005099044
w5ZbOdSVzbZpeTcIed2trg 0.000732359511371 0.0155333585867 0.0179766218756 0.00584681026337 0.0184314803275 0.823475070737 0.00489177703594 0.00249695365948 0.0552470484737 0.0553685195296
jf3Egs4Ge5gGc4uQ0sHMgw 0.00672985654233 0.00373890965052 0.0108038662963 0.00514868489629 0.00929733321061 0.00942646693858 0.0222088732597 0.000302937919562 0.929958462279 0.00238460900758
1T20S3X8cVaTyEWmbQ9Yqw 0.00162868949975 0.0107181581398 0.0786857179104 0.0357800650187 0.20183526872 0.627410947961 0.000343689800941 0.00078139242945 0.0257134273658 0.0171026431546
HNwmcAupfO3UyW0btU0veg 0.00140453601352 0.0394741729607 0.149773959805 0.055406871024 0.0523512746904 0.297638469208 0.00300243482375 0.185635124275 0.0857678176052 0.129545339593
B0_ToavrQMU3BvuQtxUW3w 0.00111975689122 0.0148201660164 0.0253120125602 0.00719831436623 0.0494066951391 0.793794999763 0.00730080026752 0.00249531303624 0.0450611173712 0.0534908245885
ZjEt7ndUenMwweWpimpJkw 0.00116285053332 0.0148142976494 0.0349580722695 0.00823316043266 0.0323234025583 0.781994048576 0.00320043993449 0.00259037411116 0.0727697873696 0.0479535665652
zV0ujzt4p6jEU3qg69PK4Q 0.0 3.77894581519e-05 2.44324524403e-05 5.38186406926e-05 1.20089402745e-05 0.999735666223 0.0 4.41026414206e-08 0.00011349481638 2.2745366825e-05
8uLYQm5YJnvpC7477FAwLw 0.0107716551717 0.0066441291171 0.0269156913949 0.00806893561491 0.0172478440574 0.00945381778867 0.0498987360616 0.00205344062046 0.847668429427 0.0212773207458
6B3xjNv6_Djz7pxssJneFw 0.00699549808502 0.091674741794 0.205425716455 0.0321397248262 0.146592835836 0.0737561464189 0.014372120721 0.0072863089811 0.203429860079 0.218327046803
Kw9eJS6psAkpl5jGi5-h9A 0.00751097302329 0.00255430656095 0.0260486113685 0.000728838344808 0.219913783963 0.0337157476926 0.0 0.000290858371939 0.692354337062 0.0168825436132
6Y8xTxIEna85WZLd6MyAnA 0.00205512537072 0.0458461444256 0.0893499185601 0.0939883902173 0.06212193045 0.333550218229 0.00485980050179 0.00679379596456 0.128152585693 0.233282090588
VgWuWarp4FEepopPu5FOmQ 0.00371846219445 0.0838802985188 0.168777738134 0.0466549209764 0.124935511761 0.208344012894 0.0082950079389 0.0206787605665 0.150288301134 0.184426985882
wpfmrlOm-axOJ4bj26OYLg 0.00496160426295 0.0212120632179 0.0466196870651 0.0119860973208 0.049898879364 0.1972021761 0.00370564751563 0.0106670885055 0.107981048084 0.545765708564
TRGxSMXsZuCzpwA8aEMK0w 0.00130073632933 0.0123736033788 0.0242770799725 0.0192644231313 0.0404248306891 0.0190616635567 0.0039707189088 0.0021147848749 0.0413535411328 0.835858618026
sdwre5naQiQ3__rRJE2uUg 0.00231377520183 0.0557856989492 0.170712017356 0.0263001767966 0.0687544762351 0.128553816162 0.00100965105504 0.0141496278485 0.389360344283 0.143060416113
KNMBTSwCqDbKUbR51Mjrsw 0.000327647416601 3.93365553395e-05 0.990603387984 0.0 0.00785936551364 0.000197287751438 0.0 0.0 0.000749136358062 0.000223838420503
crAp7JCyKNr2BKIFPM3N-g 5.27406943842e-05 0.00036543590437 0.00250520750964 1.17923729077e-05 0.989541793029 0.00122556094393 0.000144616070854 7.48703264928e-07 0.00431009830844 0.00184200646337
mEcEGw9Ggg0RXzQH6DwuIg 0.0117526100532 0.0380993799523 0.00681525862138 0.000439653436315 0.00329509812188 0.00709199664081 0.0479039539179 0.00532895077874 0.741201387025 0.138071711453
ElaLh0tdzeTVTo1JM15S8A 0.000816362970067 0.069367329242 0.168227513948 0.0743793069727 0.118766081409 0.155472083657 0.000712188705231 0.0333824994887 0.275964061996 0.102912571611
JDLs3UxlV3OzzpdU-g6nEA 0.0174722828321 0.097680808093 0.0300062620654 0.0170182377382 0.05007715921 0.0276974609085 0.00475042658834 0.00208765180362 0.72478878199 0.0284209287714
GaHfGAVaasxKoDl8fE73jg 0.000864249878328 0.14703711531 0.018647841625 0.00831583680102 0.0188876103974 0.394506551822 0.00153050434351 0.00111201246966 0.377991243575 0.031107033779
Hr68bL4YQiIWOlCZ_rdZSw 0.0127481165023 0.0268743037325 0.0707697625598 0.0139671972483 0.0477024021738 0.0281240776846 0.00527662377901 0.00276607947498 0.744680969431 0.0470904674133
6wVHL1R4mtUxB0wBUX51rg 0.00595123416513 0.0804512304664 0.241814375722 0.0192021415724 0.0279534443927 0.0727325380943 0.0197766411152 0.00750510031702 0.468101248162 0.0565120459929
9i-36HhVvgCcjGA2xsCmCw 0.0284811964333 0.018819101497 0.0427592752713 0.0111694934704 0.0308663959379 0.196159620496 0.0156342514682 0.00260496309576 0.569695061678 0.0838106406523
tPUy81oj3SJgluuw6DZcVw 0.00014844709266 4.05956648118e-05 0.000257348858929 0.00215804107476 0.00741075109361 0.00731800455568 0.0 0.0 0.00227484383398 0.980391967826
zcdiQvIR1k2cJ5eYIdx22w 0.0022406833124 0.151658203824 0.0531718186646 0.0520684393529 0.41393744169 0.148018712035 0.00721373305299 0.00827548168202 0.0655579554505 0.0978575309357
BvGV9lMMUmB5hLWkNlY3vw 0.0107835185935 0.0559405304696 0.097334883309 0.0277126325975 0.0489810955231 0.391039475691 0.0066747048314 0.0173252317998 0.240327631074 0.103880296111
iRvPJrqoeURkxOb1WbQAWg 0.0041466108698 0.0406149089432 0.166481653338 0.0483995894967 0.109311648582 0.0671885843015 0.0140556815238 0.0178274470332 0.164111875253 0.367862000659
qKJGK5585WG7heqBoNbvyw 0.00125655815574 0.026167519054 0.0990192319688 0.0747906184205 0.0513077348349 0.034342272283 0.00201073105134 0.00533900564719 0.482833277265 0.22293305132
BkfivC9_EJ_RAgqAGM6h0Q 0.0 0.00871336575033 0.000358796362319 0.918781502822 0.0190474457912 0.00832372676693 0.00681677091113 0.000180645832202 0.0314603900494 0.00631735571408
Qurv04boE2Gx5AqOiE5DKQ 0.0405983183659 1.68648356945e-06 0.0022993743651 6.98375641843e-06 0.00230090511622 0.000221143457169 0.0147820253126 0.0 0.939691992763 9.75703801376e-05
QlkCVNDTDhu0Mjbh2mVtBg 0.00799091682456 0.0121640159112 0.0222550914065 0.0117912005767 0.0334103284813 0.010799327237 0.04221642414 0.00106931654489 0.439355883682 0.418947495196
I1Wv4Z_2nCMtxQ4l9dNQiA 0.00496578221785 0.0564365201214 0.119152814436 0.0818117373795 0.0575009372736 0.13119589313 0.0101567513639 0.00494467001933 0.448329461447 0.0855054326119
mIMvtxwDVSqQR_u7dFq3dA 0.000836174378743 0.0160991629392 0.0260525914136 0.0112282253403 0.0132466218122 0.677350239344 0.00221947453045 0.0029379189104 0.0412925386163 0.208737052714
2fJBtUVqTrSZdczLBlOoJQ 0.00109117119542 0.35005034213 0.0597627135588 0.0170432582635 0.034888254344 0.437492586911 0.00245386560639 0.00272965165631 0.0619880848833 0.032500071452
GKa_4LpfUBiv6ZzzYQ-orA 0.000732359511371 0.0155333585867 0.0179766218756 0.00584681026337 0.0184314803275 0.823475070737 0.00489177703594 0.00249695365948 0.0552470484737 0.0553685195296
q3c4wGoSybJ0i_h8kzMX6w 0.0133934265154 0.000565816429578 9.44809299682e-06 1.61175916782e-05 0.00519171727984 0.000266523440366 0.0268903950132 0.0 0.952085185682 0.00158136995447
kgYNx4haiRhzCy2VKrXwtA 0.0107716551717 0.0066441291171 0.0269156913949 0.00806893561491 0.0172478440574 0.00945381778867 0.0498987360616 0.00205344062046 0.847668429427 0.0212773207458
udGPMvw6Zp3DGkPPnAWAnA 0.00111975689122 0.0148201660164 0.0253120125602 0.00719831436623 0.0494066951391 0.793794999763 0.00730080026752 0.00249531303624 0.0450611173712 0.0534908245885
D2RAxQOYSFUrs8dmv_bqqA 0.00167159996258 0.0607310480195 0.0082437318901 0.0580941552217 0.0994631263116 0.0595958728894 0.0164410006623 0.440094047006 0.104604531784 0.151060886253
38rvarCrnlmAvungUKUPRQ 0.00348913505555 0.0666661024256 0.145234691914 0.076170004661 0.0926187353472 0.150700393144 0.00389939827103 0.0798245413423 0.221822219467 0.159574778372
hKhRb3pg3svSAoWiSa8D5g 0.00744018640173 0.00366190568864 0.00734003913742 0.00215847984081 0.00828448279641 0.00441649517456 0.000707029599311 0.000242782253811 0.961494357689 0.0042542414179
gGIOW6PiNHrujF6cJ73Usw 1.36268892716e-05 8.10449936411e-05 0.000989818708857 0.000152510984916 8.90863926307e-06 7.56252288179e-05 0.0 0.997967966594 2.94161222199e-05 0.000681081839307
WwsJZEwwTSf0g_3qlBjUIA 0.00111975689122 0.0148201660164 0.0253120125602 0.00719831436623 0.0494066951391 0.793794999763 0.00730080026752 0.00249531303624 0.0450611173712 0.0534908245885
ndbazkMV72uhAH20W6YUSw 0.00262645463441 0.195348990596 0.0585859486298 0.0335463824328 0.0990283343349 0.0552326554704 0.00186857643829 0.00417451250542 0.493880985063 0.0557071598955
T79mohKIt7Ad9-KjVkxMfQ 0.00576882883891 0.0365184457579 0.0527560518591 0.0487318453166 0.0404866802795 0.232263161446 0.0280559040382 0.0106669260316 0.358784822233 0.185967334199
IE6J-ZG0WY0Yx3w7EgFdRQ 0.00446056206714 0.0745504900987 0.316455990312 0.101834762269 0.254732210092 0.0596249876009 0.0 0.045471051915 0.102558869192 0.0403110764533
6dxbYE_bPhHXpT6pLxf2jg 0.00278842284322 0.288619783136 0.0597403154949 0.0833508066003 0.0284401044092 0.320484146534 0.00243248267276 0.00261036791783 0.0946253649414 0.11690820545
KUlS1BLQN05G4gEE7BlYdQ 0.0141464741029 0.00380194845298 0.00982878964538 0.00165482111036 0.0059338659865 0.00619457130616 0.0344119972451 0.000245727496436 0.915384281296 0.00839752335782
qL7Astun3i7qwr2IL5iowA 0.0 0.896796405235 0.00111869269529 0.00870012144756 0.00470122308917 0.0270696626286 0.0 0.00384865815114 0.0466036240235 0.0111616127298
7KCi2-RpISZen29aLN6JcQ 0.00262645463441 0.195348990596 0.0585859486298 0.0335463824328 0.0990283343349 0.0552326554704 0.00186857643829 0.00417451250542 0.493880985063 0.0557071598955
08tJ2aUT66trhH5V-bHDJA 0.00251311631147 0.052335038108 0.0939592852544 0.149581236841 0.0752605864791 0.0628307473031 0.00402146210269 0.00593583017975 0.138381302938 0.415181394483
EIEE9tOYbaTgDpiMDms-RA 0.00109654381838 0.216089405997 0.0336150325929 0.0445609083045 0.0332024743773 0.154761263418 0.00287967661844 0.00208684509914 0.0632160750852 0.44849177469
I3qt_NaZfu3j5RfCQTiq4Q 0.00612321545214 0.0187849695355 0.149374371595 0.0336008972269 0.189568037101 0.202099267332 0.0167264577154 0.00552357400707 0.30775152954 0.0704476804946
bizZsitutWPiAaqC6eXvpQ 0.00371365626934 0.129146304015 0.0934276516707 0.0718800932021 0.116549615653 0.090834021673 0.0094914795181 0.00223015393467 0.348519815634 0.13420720843
A181bHfAj9fhtmWx2co0FA 0.00251311631147 0.052335038108 0.0939592852544 0.149581236841 0.0752605864791 0.0628307473031 0.00402146210269 0.00593583017975 0.138381302938 0.415181394483
PrfzgVWeKwTwSAZipyew5w 0.00163290149557 0.0197630788312 0.0584242135175 0.030840068063 0.0629421642351 0.657480764819 0.00577694147999 0.00196759360573 0.10661523184 0.0545570421132
tJSpfhhMahEDjmtGkl5w8w 0.00184036388265 0.0316277042749 0.0785738606441 0.0378393278343 0.0586553948362 0.603388773712 0.00542304551375 0.00514473317561 0.122167334481 0.0553394616445
W8QwciVZQDyfxkrgRfXC0Q 0.00906798619296 0.00357950310646 0.00830582399857 0.00198102966148 0.00919944213197 0.00367103833391 0.0307848235189 0.00151319620052 0.925463140331 0.00643401652373
dEV7uA07xfOEcLUJXgfyqQ 0.00245879710569 0.0280195376216 0.0877713088812 0.0267084015514 0.0472031304569 0.595140387767 0.000408916534953 0.00822969497407 0.126387352385 0.0776724727215
5lNI19OveSdMh3_4Xr9XGw 0.0076306164069 0.0396046709202 0.0823645239071 0.0817742170446 0.0614814943265 0.0454774124938 0.00464904294085 0.00435095482736 0.441531136185 0.231135930948
1kFZKVLH0gFgAh3ZE73eeA 0.00105740254166 0.015158041879 0.0110772652035 0.00688421693453 0.830028211503 0.0160409234459 0.0374430699084 0.000762308336803 0.0295042196069 0.0520443406402
BoHgB2oBz_Tk4PSLtdc9_A 0.00616782869362 0.0397111169366 0.0858751149617 0.0643149961286 0.0591865096652 0.155315472842 0.00879144819854 0.00959097390122 0.394259593901 0.176786944771
_hoXTtFnjFdNPCNfi9jgWQ 0.0138758910297 0.0160972381339 0.0219755767362 0.00335709192471 0.016871146332 0.013799199522 0.0445554648142 0.000717299482788 0.851479300913 0.0172717911117
aqSGNz7MA_xinEwfHGo9xA 0.0 0.00218750332778 0.955267511453 0.0079398050226 0.00939190244161 0.0025407725349 8.7242411019e-05 2.59570009548e-05 0.0132719394681 0.00928736633972
UcWR6BYcYbpPLHVeXG8ohA 0.187619095547 0.00542475008941 0.0189669352887 0.00370778608417 0.0142434501185 0.00709298448086 0.0292547888344 0.00156962748129 0.717373476436 0.0147471056402
bS0qzpOwgvQoMRyYis164g 0.00622368850673 0.146900999767 0.00658179045496 0.000413029972097 0.00885254172672 0.0152089775608 0.122577552072 0.0213103326873 0.124644633881 0.547286453371
osKVcmj4RWr7rqBWqzKWPg 0.0297337415647 0.000436081144278 0.00238041013904 0.000795583239111 0.000453688717734 0.000855751631921 0.0150281245001 2.5425969184e-06 0.946524499841 0.00378957662536
f8UHVe4ar1ZN_XqD_7Rgpw 0.0008641085847 4.49342984969e-07 3.6561451605e-05 3.68763688936e-06 0.000914140779977 6.51045804615e-05 0.976791072791 0.0 0.0202043074294 0.00112056740331
5kCygq2cvS-9UmmrJK1jdA 0.00205512537072 0.0458461444256 0.0893499185601 0.0939883902173 0.06212193045 0.333550218229 0.00485980050179 0.00679379596456 0.128152585693 0.233282090588
uNucMoj4GavQTJtyQKw9Og 0.00933206299796 0.00475345701369 0.00293198517564 0.00275934085631 0.0318775277348 0.00144523107915 0.0282205825913 8.53029350895e-06 0.90980388658 0.0088673956779
EI7QpLiJ4XYaUH35XkdndA 0.00530871495691 0.278447359661 0.0783190038051 0.00523711627581 0.0127498834921 0.174068464551 0.00102727498509 0.0206960538862 0.364020633792 0.0601254945949
acO1bIYSIe-jM0nkg5tGTQ 0.0 0.000166951112609 9.46932870869e-06 0.000153164450798 1.78011295869e-05 3.46485972954e-05 0.0 0.999577363681 2.78323474716e-05 1.27693522049e-05
EhlVg8ePwmRpB0C6OmE9QQ 0.00148422133267 0.0230796766293 0.0446434125746 0.0443559997455 0.0481684631462 0.619374181882 0.0034599880217 0.00439008740538 0.0733932487765 0.137650720486
cLPVzEKnCJ2WFMWTdSrq8w 0.00251311631147 0.052335038108 0.0939592852544 0.149581236841 0.0752605864791 0.0628307473031 0.00402146210269 0.00593583017975 0.138381302938 0.415181394483
TPyPiPANXsPnzImGMzR3SA 0.0 0.0322277209259 0.00376783462646 0.000233234661527 0.00255841236692 0.0138651705534 0.0 0.9375383733 0.00682723133622 0.00298202222987
_-_JVicE8N8DKANjdJLzHQ 0.00267723370884 0.0408765591777 0.0754818426322 0.0149992977275 0.0854056967236 0.0473465510275 0.00741129503127 0.00465388744501 0.123604232668 0.597543403858
FsB3ZAY0csjmkoKV-4GjMw 0.00744307136138 0.00163969017015 0.494529205906 0.00173343732971 0.00538016890796 0.00118417224224 0.0279039083644 0.000385066172086 0.455038997075 0.0047622824708
DD5KHioFqgSZ82T2PV2CDQ 0.00250399136696 0.0807325197384 0.281532550491 0.021436236742 0.114166196015 0.0606823370783 0.00113593424518 0.0515409696288 0.320933283269 0.065335981426
OJHsjRMQv4X-4ljFCN0wCQ 0.0834963702353 0.143293079698 0.103414841786 0.00191751654338 0.135413651041 0.0114855448077 0.00993689045523 0.0289091249335 0.275961760203 0.206171220297
ybMygmcyWNdxhFQO25BjwQ 0.00626970893836 0.0250881324744 0.0502034180207 0.0542019553319 0.0403990205522 0.262173173332 0.00823570541037 0.00348806400004 0.38798351815 0.16195730379
k2JaaZagPByLKHGT_RrNdA 0.00165197544983 0.0117250587807 0.0443852512855 0.269352762072 0.0569271878468 0.0325180432172 0.00620646849095 0.427234464674 0.0520449513631 0.0979538368194
nqXgQVuDiZEECVwYiHSpwA 0.00128717222046 0.366154037412 0.00348967824369 0.00588820638138 0.0263830142005 0.506771427403 0.00253081965895 0.00132181935501 0.0779889391682 0.00818488595714
FRLLAr8PxsFAgBoL2mF8BQ 1.06123239577e-05 4.27648569687e-05 7.96660378782e-05 8.08277596937e-05 0.999393779584 7.79174936585e-05 2.31863850178e-05 1.19970500306e-05 0.000143916164858 0.000135332344194
J1TuQczoNskddDFwQUXi9A 0.00406054876507 0.0247955703328 0.144243646429 0.0280124794524 0.119660602632 0.242627867869 0.0262329747296 0.00387484266311 0.212880546058 0.19361092107
jv-KI5l6q6WKwWP4PhMG2A 0.000847568529297 0.0166716237462 0.0474420434392 0.0361707410867 0.168296830745 0.409214826024 0.00132230398008 0.0102492870865 0.0532593241255 0.256525451237
pRRvCbwsTWj2xDm23elPPQ 0.00470422230011 0.0567800807096 0.314846633122 0.107917290758 0.0158456956112 0.174148711893 0.0 0.0233328370353 0.0966311690163 0.205793359555
oAKmFrtTEoRY5VpNg9oQvA 0.00154495797756 0.0233524365171 0.0485398305222 0.0137509010639 0.055235578473 0.420148420342 0.0052158105559 0.00326461260699 0.0813199658935 0.347627486048
petFpNRk6Kw60d-sAGOI1Q 0.00127654304929 0.0192280164413 0.0417937850211 0.0105320175496 0.710455022808 0.0150112380003 0.0667773273185 4.43758727393e-05 0.0738753086234 0.0610063653155
k1DLAjaTe3rQj_LmSt8yiQ 0.000491120948242 0.459908945058 0.000612774807402 0.0111893583649 0.0320487215838 0.468373203991 0.000142895095961 0.00168189672427 0.00659310703725 0.0189579763887
f47_KWu8COtLbkpGY3dwHA 0.0 0.67074383873 0.045843804165 0.0343099647365 0.0158404876617 0.0537002333919 0.005058501949 0.0125480423488 0.0527429489629 0.109212178054
9sB4EkghhWk00skG7harFw 0.00470422230011 0.0567800807096 0.314846633122 0.107917290758 0.0158456956112 0.174148711893 0.0 0.0233328370353 0.0966311690163 0.205793359555
f3acI-p3vLfF2KwF9NlsKw 0.00133368557587 0.028151636644 0.0475961916045 0.0759890916797 0.0394149668936 0.519880477999 0.00251608274764 0.00323919271366 0.0735065027279 0.208372171414
MNec5hNFpv3GwQNXnO6NSA 0.00299578137392 0.0278269195889 0.181899621715 0.0418323880445 0.0457056447582 0.251934592811 0.00621678137433 0.0653627829334 0.169243657121 0.206981830281
Gl9NiovJFNhTjAcvH9plVg 0.00264735041961 0.106195513286 0.10403474621 0.0395322823343 0.0909823735055 0.289282119173 0.00528724109269 0.0108350116071 0.254031051548 0.0971723108234
fZDbBvBWzVcpzZYwkalymw 0.00142115761069 0.0129698054702 0.0255799017728 0.0108727308192 0.789781847628 0.0211516050972 0.0308324851734 0.00210936515938 0.0566641221482 0.0486169791213
HronDe9qUTp9zm9KD99eaw 0.00251311631147 0.052335038108 0.0939592852544 0.149581236841 0.0752605864791 0.0628307473031 0.00402146210269 0.00593583017975 0.138381302938 0.415181394483
9khfVe1RXg0ctItfIn9vYw 0.00726423965035 0.00752747143651 0.0783114816041 0.0160473569217 0.190956681923 0.0124091923213 0.0259235856561 0.000891210968675 0.586900827967 0.0737679515512
21CdZJje9RKZAsXhTmqvdA 0.00123243699719 0.682149956381 0.0276800025118 0.00952919773857 0.0327289551059 0.0250423295793 0.0119164917633 0.00216755502913 0.167668713395 0.0398843614992
Nt5V5vpQTIg_EYyfZyEb9w 0.0145653224185 0.00362068016328 0.00809805680923 0.00133764539487 0.00681356840528 0.0043522304422 0.0395767432972 0.00141836520466 0.91103490444 0.00918248342444
lWrG1FVCIszRHZI5gb3XOw 0.00245490400714 0.0295566580422 0.11890712796 0.0269932399913 0.0458650800107 0.59117143076 0.00214140770766 0.00402949290515 0.11895779222 0.0599228663963
qzbHvM49AJvDsokvg8zKrQ 0.0154067546081 0.000704921047321 1.76529847336e-05 3.22351833564e-05 0.0103340710124 0.000417564748214 0.0368544380177 0.0 0.933145148955 0.00308721344344
MYM-tSDMaaYTo8OAdyeA1A 0.000304193824704 0.00873058613616 0.0203164644606 0.00374833475244 0.00550824165958 0.413718378307 0.0048267640772 0.00214182939969 0.02373606446 0.516969142922
SqU_2G_c42eJtUxcpuUQRg 0.00389702174202 0.0812975127441 0.0214971555486 0.148796235556 0.0874679847793 0.0946455346293 0.12726910205 0.106576602168 0.156441906682 0.1721109441
R7IGsOFrv2SRQh-OX2xaLQ 0.00159713442997 0.0393572507433 0.0847405518659 0.0383955435936 0.0489832744209 0.604269689155 0.00569813890088 0.00765176174936 0.117923868449 0.0513827866925
Q1iT-u0F-9m0p2dESh3dVw 0.0135250661044 0.00312678923162 0.0205154036365 0.00462733917736 0.0156991660381 0.00477882214168 0.351496200908 0.00056288743358 0.579508660048 0.0061596652806
ues1RAiSph7sBzJYc1YebA 0.00495866630665 0.205273078567 0.034697564275 0.00810986676449 0.113642809914 0.0269682056446 0.00895549703897 0.00162670282904 0.560564061964 0.0352035466966
GjROMxDbFnl3SSt4VAHM7g 0.00328021949895 0.0403606256427 0.378421801163 0.0377554216753 0.238663162815 0.067427589597 0.0131041236171 0.00818212779393 0.0899206404577 0.122884287739
nb1kIV2T50HLG5Mj9-70Yg 0.0 0.000696475310019 0.0046789098491 2.05082526395e-05 4.71730434414e-07 0.994302958362 0.0 0.0 0.000160355794094 0.000140320701699
OP60CyyFUvowaimOSjTfWw 0.00532419016549 0.0590552479663 0.1654361822 0.12188763553 0.125227994556 0.102733591359 0.00139404723224 0.0383537652876 0.25287934554 0.127708000162
08xdTI5G-BFdOzCV7Cti7A 0.00371846219445 0.0838802985188 0.168777738134 0.0466549209764 0.124935511761 0.208344012894 0.0082950079389 0.0206787605665 0.150288301134 0.184426985882
GQ4WZbwsmjgQ1KmTttRc8Q 0.0016437856042 0.0536739006943 0.170516159747 0.0226114155614 0.0860486314959 0.390732451513 0.00312989437484 0.0278190411011 0.192927375596 0.0508973443117
7eXziiN43xojaUpyKqx2HQ 0.00163790037094 0.0400504020881 0.0694643550115 0.0182548574283 0.334065984995 0.397696934289 0.000850108080872 0.00408639595974 0.0879414465395 0.0459516152373
Mbri7Wxu7vkwD94uaCEjJA 0.000916268028994 0.0139849468424 0.034343325036 0.0138599435455 0.0178395487906 0.825125655444 0.00200542784004 0.00410510912756 0.0450344280528 0.0427853472917
FakdTpb2UqNZzBkCBwRX3A 0.00126145248222 0.0212991347172 0.0473344585952 0.205328759499 0.03457768956 0.389426687789 0.00222241922975 0.00337465872722 0.0663853966315 0.228789342768
